[
  [
    5168,
    6214,
    3422,
    1132,
    5212,
    699,
    287,
    2882,
    4735,
    6222,
    243,
    6693,
    2041,
    1713,
    5643,
    6195,
    6676,
    2866,
    6657,
    327,
    225,
    3353,
    2287,
    3682,
    3171,
    188,
    2506,
    2232,
    2243
  ],
  [
    1692,
    1327,
    4050,
    6658,
    1354,
    2205,
    2883,
    2573,
    6685,
    2260,
    1343,
    3688,
    5235,
    1882,
    4678,
    4085,
    3532,
    2814,
    6196,
    4076
  ],
  [
    6197,
    4176,
    3553,
    1700,
    6659,
    6176,
    4129,
    4148,
    6187,
    3631,
    5751,
    1906,
    4473
  ],
  [
    1657,
    4688,
    4095,
    1649
  ],
  [
    4259,
    4400,
    1935
  ]
]