[
  [
    527,
    2317,
    2562,
    6150,
    4656,
    419,
    4667,
    3128,
    3613,
    5117,
    5651,
    3602,
    5168,
    5714,
    3332,
    5692,
    611,
    1636,
    5662,
    5723,
    5188,
    3422,
    180,
    162,
    1765,
    196,
    6165,
    5147,
    3581,
    261,
    204,
    1737,
    5131,
    1132,
    4648
  ],
  [
    2189,
    5673,
    5155,
    2553,
    2608,
    5118,
    5681,
    6151,
    5703,
    528,
    2181,
    1738,
    2252,
    3190,
    2318,
    5080,
    2573,
    2586,
    2205,
    1668,
    3614,
    2171,
    3651
  ],
  [
    2197,
    2805,
    4364,
    2731,
    2700,
    3570,
    4186,
    2775,
    2764,
    3236
  ],
  [
    5643,
    3511,
    4041,
    4207
  ]
]