[
  [
    1519,
    6239,
    5781,
    5232,
    3375,
    2353,
    282,
    2318,
    5746,
    2147,
    2155,
    6247,
    5185,
    272,
    1378,
    1705,
    2278,
    6699,
    646,
    2327,
    5765,
    6733,
    6482,
    5224,
    6714,
    5261,
    469,
    3000,
    2814,
    2343,
    1678,
    1802,
    345,
    1116,
    5719,
    6276,
    1855,
    3739,
    1628,
    1357
  ],
  [
    2668,
    3547,
    1370,
    4448,
    5699,
    6700,
    2055,
    5782,
    2065,
    2364,
    2121,
    5233,
    5527,
    1344,
    1843,
    3460,
    3888,
    1834,
    1606,
    4354,
    2007,
    4722,
    2902
  ],
  [
    3681,
    4295,
    5708,
    4407,
    3871,
    4723,
    3505,
    6722,
    5730,
    2038,
    3558
  ],
  [
    1791
  ]
]