[
  [
    3906,
    6097,
    7035,
    4887,
    6595,
    6603,
    7107,
    6105,
    5634,
    7070,
    6114,
    1593,
    7026,
    7050,
    1610,
    6648,
    5994,
    6131,
    1298,
    1282,
    6557,
    6139,
    1263,
    6614,
    1094,
    3893,
    5024,
    7098,
    6070,
    940,
    2435,
    6576,
    855,
    7089,
    1585,
    979,
    6627,
    5478,
    2074,
    3117,
    2467
  ],
  [
    5015,
    3813,
    4985,
    3060,
    6577,
    7108,
    784,
    2992,
    1061,
    1252,
    7036,
    5635,
    7071,
    2644,
    612,
    1271,
    700,
    3876,
    6071,
    6558
  ],
  [
    1873,
    4888,
    7072,
    4928,
    529,
    3079,
    7060,
    7109,
    4998
  ]
]