[
  [
    5403,
    558,
    845,
    6293,
    705,
    586,
    5872,
    677,
    3077,
    894,
    809,
    4875,
    5797,
    799,
    837,
    649,
    724,
    7015,
    2396,
    827,
    774,
    5371,
    5836,
    3014,
    6275,
    1814,
    5412,
    5883,
    3033,
    507,
    1587,
    639,
    5352,
    1604,
    5384,
    764,
    5844,
    5360,
    2405,
    4914,
    5861,
    4885,
    1284
  ],
  [
    4901,
    5385,
    5798,
    2385,
    4856,
    2989,
    4915,
    1230,
    2980,
    2374,
    5828,
    2997,
    3034,
    4845,
    5420,
    3025
  ],
  [
    2884,
    6284,
    4893,
    1367,
    5386,
    5340,
    5294,
    6999,
    4783
  ],
  [
    4937
  ]
]