-14.0,6.0,
-13.0,4.0,
-13.0,20.0,
-7.0,55.0,
-5.0,13.0,
-5.0,14.0,
-4.0,14.0,
-4.0,14.0,
-3.0,6.0,
-3.0,75.0,
-3.0,75.0,
micro
0.0,-1.0,-1.296682163264E12,
0.0,-1.0,-1.296682152126E12,
0.0,-1.0,-1.296682152126E12,
0.0,-1.0,-1.296682152126E12,
0.0,-1.0,-1.296682152126E12,
0.0,-1.0,-1.296682152126E12,
0.0,-1.0,-1.296682152126E12,
0.0,-1.0,-1.296682152126E12,
0.0,-1.0,-1.296682152126E12,
macro
-2.0,3.0,
-2.0,3.0,
-1.0,12.0,
-1.0,12.0,
-1.0,12.0,
-1.0,12.0,
-1.0,12.0,
micro
0.0,0.0,-1.296683962697E12,
0.0,0.0,-1.29668393401E12,
0.0,0.0,-1.296683897559E12,
0.0,0.0,-1.296683897559E12,
0.0,0.0,-1.296683897559E12,
0.0,0.0,-1.296683897559E12,
0.0,0.0,-1.296683897559E12,
0.0,0.0,-1.296683897559E12,
0.0,0.0,-1.296683895601E12,
0.0,0.0,-1.296683881487E12,
macro
-1.0,12.0,
-1.0,12.0,
-1.0,12.0,
-1.0,12.0,
-1.0,12.0,
micro
0.0,0.0,-1.296685837975E12,
0.0,0.0,-1.296685837975E12,
0.0,0.0,-1.296685762745E12,
0.0,0.0,-1.296685762745E12,
0.0,0.0,-1.296685762745E12,
0.0,0.0,-1.296685762745E12,
0.0,0.0,-1.296685762745E12,
0.0,0.0,-1.29668576212E12,
0.0,0.0,-1.296685736539E12,
0.0,0.0,-1.296685736539E12,
macro
-2.0,79.0,
-2.0,79.0,
-2.0,79.0,
-2.0,79.0,
-2.0,79.0,
micro
0.0,0.0,-1.296687588443E12,
0.0,0.0,-1.29668756856E12,
0.0,0.0,-1.296687564392E12,
0.0,0.0,-1.296687561703E12,
0.0,0.0,-1.296687561703E12,
0.0,0.0,-1.296687549859E12,
0.0,0.0,-1.296687545239E12,
0.0,0.0,-1.296687528551E12,
0.0,0.0,-1.296687526644E12,
0.0,0.0,-1.296687526644E12,
macro
-3.0,103.0,
-3.0,103.0,
-3.0,103.0,
-3.0,103.0,
-3.0,103.0,
micro
-5.0,-3.0,-1.296689419946E12,
-5.0,-2.0,-1.296689424039E12,
-3.0,0.0,-1.296689479659E12,
-3.0,0.0,-1.296689406255E12,
-3.0,0.0,-1.296689406255E12,
-3.0,0.0,-1.296689406255E12,
-3.0,0.0,-1.296689406255E12,
-3.0,0.0,-1.296689386181E12,
-3.0,0.0,-1.296689355436E12,
-3.0,0.0,-1.296689355436E12,
macro
-3.0,98.0,
-3.0,98.0,
-3.0,98.0,
-3.0,108.0,
-3.0,111.0,
-3.0,111.0,
-3.0,170.0,
-3.0,202.0,
-3.0,202.0,
-3.0,202.0,
-3.0,202.0,
micro
-3.0,0.0,-1.296691189565E12,
-3.0,0.0,-1.296691189565E12,
-3.0,0.0,-1.296691189565E12,
-3.0,0.0,-1.296691189565E12,
-3.0,0.0,-1.296691189565E12,
-3.0,0.0,-1.296691189565E12,
-3.0,0.0,-1.296691189565E12,
-3.0,0.0,-1.296691189565E12,
-3.0,0.0,-1.29669118231E12,
-3.0,0.0,-1.29669118231E12,
macro
-3.0,174.0,
-3.0,174.0,
-3.0,174.0,
-3.0,188.0,
-3.0,188.0,
-3.0,188.0,
-3.0,188.0,
-3.0,188.0,
micro
-3.0,0.0,-1.296693098115E12,
-3.0,0.0,-1.296693025083E12,
-3.0,0.0,-1.296693025083E12,
-3.0,0.0,-1.296693025083E12,
-3.0,0.0,-1.296692996152E12,
-3.0,0.0,-1.296692996152E12,
-3.0,0.0,-1.296692948683E12,
-3.0,0.0,-1.296692948683E12,
-3.0,0.0,-1.296692948683E12,
-3.0,0.0,-1.296692948683E12,
macro
-3.0,180.0,
-3.0,180.0,
-3.0,180.0,
-3.0,180.0,
-3.0,180.0,
micro
-3.0,0.0,-1.296694861824E12,
-3.0,0.0,-1.296694830507E12,
-3.0,0.0,-1.296694820544E12,
-3.0,0.0,-1.296694808843E12,
-3.0,0.0,-1.296694808843E12,
-3.0,0.0,-1.296694808843E12,
-3.0,0.0,-1.296694808843E12,
-3.0,0.0,-1.296694808843E12,
-3.0,0.0,-1.296694801426E12,
-3.0,0.0,-1.296694801426E12,
macro
-3.0,168.0,
-3.0,196.0,
-3.0,196.0,
-3.0,196.0,
-3.0,196.0,
-3.0,196.0,
micro
-3.0,-2.0,-1.296696628341E12,
-3.0,-2.0,-1.296696601202E12,
-3.0,-2.0,-1.296696601202E12,
-3.0,-2.0,-1.296696575096E12,
-3.0,-2.0,-1.296696554443E12,
-3.0,-2.0,-1.296696526559E12,
-3.0,-2.0,-1.296696526559E12,
-3.0,-2.0,-1.296696526559E12,
-3.0,-2.0,-1.296696526559E12,
-3.0,-2.0,-1.29669652653E12,
macro
-4.0,169.0,
-4.0,169.0,
-4.0,169.0,
-4.0,169.0,
-4.0,169.0,
micro
-4.0,-1.0,-1.29669839972E12,
-4.0,-1.0,-1.296698399155E12,
-4.0,-1.0,-1.296698399155E12,
-4.0,-1.0,-1.296698399126E12,
-4.0,-1.0,-1.296698399126E12,
-4.0,-1.0,-1.296698399126E12,
-4.0,-1.0,-1.296698399126E12,
-4.0,-1.0,-1.296698398744E12,
-4.0,-1.0,-1.296698398744E12,
-4.0,-1.0,-1.296698398744E12,
macro
-4.0,168.0,
-4.0,168.0,
-4.0,168.0,
-4.0,168.0,
-4.0,168.0,
micro
-6.0,-2.0,-1.29670036052E12,
-6.0,-2.0,-1.29670036052E12,
-5.0,-1.0,-1.296700548972E12,
-4.0,0.0,-1.296700501392E12,
-4.0,0.0,-1.296700461308E12,
-4.0,0.0,-1.296700461308E12,
-4.0,0.0,-1.296700413097E12,
-4.0,0.0,-1.296700400052E12,
-4.0,0.0,-1.296700400052E12,
-4.0,0.0,-1.296700377745E12,
macro
-4.0,661.0,
-4.0,661.0,
-4.0,661.0,
-4.0,661.0,
-4.0,661.0,
micro
-4.0,0.0,-1.296701929913E12,
-4.0,0.0,-1.296701929913E12,
-4.0,0.0,-1.296701894076E12,
-4.0,0.0,-1.296701894076E12,
-4.0,0.0,-1.296701894076E12,
-4.0,0.0,-1.296701894076E12,
-4.0,0.0,-1.296701894076E12,
-4.0,0.0,-1.296701868156E12,
-4.0,0.0,-1.296701868156E12,
-4.0,0.0,-1.296701868156E12,
macro
-4.0,1480.0,
-4.0,1480.0,
-4.0,1480.0,
-4.0,1480.0,
-4.0,1480.0,
micro
-4.0,0.0,-1.296703607224E12,
-4.0,0.0,-1.296703567362E12,
-4.0,0.0,-1.296703549506E12,
-4.0,0.0,-1.296703549506E12,
-4.0,0.0,-1.296703549506E12,
-4.0,0.0,-1.296703492241E12,
-4.0,0.0,-1.296703492241E12,
-4.0,0.0,-1.296703492241E12,
-4.0,0.0,-1.296703492241E12,
-4.0,0.0,-1.296703466218E12,
macro
-4.0,9.223372036854776E15,
-4.0,9.223372036854776E15,
-4.0,9.223372036854776E15,
-4.0,9.223372036854776E15,
-4.0,9.223372036854776E15,
micro
-4.0,0.0,-1.296703466218E12,
-4.0,0.0,-1.296703466218E12,
-4.0,0.0,-1.296703466218E12,
-4.0,0.0,-1.296703466218E12,
macro
-4.0,9.223372036854776E15,
-4.0,9.223372036854776E15,
-4.0,9.223372036854776E15,
-4.0,9.223372036854776E15,
-4.0,9.223372036854776E15,
micro
-4.0,0.0,-1.296703466218E12,
-4.0,0.0,-1.296703466218E12,
-4.0,0.0,-1.296703466218E12,
-4.0,0.0,-1.296703466218E12,
macro
-4.0,9.223372036854776E15,
-4.0,9.223372036854776E15,
-4.0,9.223372036854776E15,
-4.0,9.223372036854776E15,
-4.0,9.223372036854776E15,
micro
-4.0,0.0,-1.296703466218E12,
-4.0,0.0,-1.296703466218E12,
-4.0,0.0,-1.296703466218E12,
-4.0,0.0,-1.296703466218E12,
macro
-4.0,9.223372036854776E15,
-4.0,9.223372036854776E15,
-4.0,9.223372036854776E15,
-4.0,9.223372036854776E15,
-4.0,9.223372036854776E15,
micro
-4.0,0.0,-1.296703466218E12,
-4.0,0.0,-1.296703466218E12,
-4.0,0.0,-1.296703466218E12,
-4.0,0.0,-1.296703466218E12,
macro
