[
  [
    1602,
    5625,
    5617,
    922,
    6122,
    4976,
    2133,
    6637,
    1103,
    2153,
    2674,
    2543,
    2163,
    6139,
    940,
    855,
    2125,
    2104,
    5587,
    2535,
    5568,
    2663,
    5608,
    2085,
    5633,
    2115,
    1066,
    5598
  ],
  [
    960,
    2644,
    2093,
    877,
    5044,
    464,
    357,
    1061,
    2652,
    282,
    5569,
    349,
    553,
    216
  ],
  [
    6578,
    3930,
    6559,
    529,
    700,
    6072,
    5570
  ]
]