[
  [
    3501,
    3989,
    62,
    5053,
    4612,
    1737,
    70,
    2729,
    122,
    455,
    2299,
    98,
    2691,
    80,
    3978,
    142,
    4167,
    3317,
    4444,
    2682,
    2786,
    1765,
    348,
    114,
    4571,
    4604,
    3519,
    5106,
    3551,
    3201,
    4198,
    54,
    2311,
    106,
    4484,
    5089,
    3543,
    281
  ],
  [
    4008,
    1678,
    3153,
    4138,
    3210,
    1738,
    4582,
    4506,
    3552,
    3990,
    5097,
    2721,
    3391,
    5054,
    3332,
    4104,
    2730,
    3318,
    3249,
    3422,
    4068,
    4620,
    3128,
    2787
  ],
  [
    4219,
    5055,
    3140,
    3236,
    3264,
    3221,
    4186,
    3991,
    3433
  ]
]