[
  [
    6447,
    1997,
    469,
    1052,
    398,
    317,
    2849,
    2028,
    1964,
    542,
    6897,
    497,
    594,
    566,
    2966,
    5559,
    558,
    3640,
    576,
    876,
    6488,
    602,
    2617,
    6927,
    6936,
    6889,
    2929,
    6916,
    370,
    4746,
    489,
    1060,
    6497,
    620,
    6866,
    5551,
    1520,
    6473,
    552,
    3741,
    6458,
    586,
    507,
    1044,
    6033,
    2991,
    1168,
    2633,
    1427
  ],
  [
    4747,
    1160,
    2901,
    1179,
    1138,
    2919,
    2967,
    6474,
    1475,
    3742,
    6060,
    6898,
    2930
  ],
  [
    3720,
    4748,
    5534,
    6429,
    1926,
    6853,
    3743,
    6899
  ],
  [
    1495
  ],
  [
    1917
  ]
]