[
  [
    6447,
    1060,
    6874,
    6033,
    1168,
    6458,
    576,
    2849,
    6889,
    1808,
    5532,
    602,
    1503,
    1052,
    6916,
    6473,
    2625,
    6866,
    2028,
    6897,
    6927,
    1547,
    6016,
    620,
    2418,
    1520,
    6060,
    2929,
    2617,
    6936,
    479,
    1997,
    6497
  ],
  [
    2015,
    1528,
    1475,
    5275,
    2006,
    1160,
    2633,
    6875,
    5533,
    1149,
    1179,
    6474,
    6459,
    2930,
    6898,
    4815,
    1130,
    1121,
    3755
  ],
  [
    6429,
    6439,
    1679,
    6475,
    6899,
    2857,
    5534,
    2597,
    6853,
    1310,
    6460,
    6876,
    4807
  ],
  [
    4707,
    2066,
    1511,
    1495
  ],
  [
    1964,
    1917,
    1026
  ]
]