[
  [
    5651,
    7097,
    6608,
    894,
    777,
    1271,
    1252,
    1748,
    2593,
    7038,
    884,
    983,
    920,
    1289,
    5643,
    5029,
    6680,
    5621,
    2583,
    1305,
    6645,
    6600,
    6662,
    4158,
    5629,
    4259,
    6157,
    1764,
    6167,
    7108,
    7056,
    7077,
    6654,
    7048,
    963,
    7086,
    6627
  ],
  [
    444,
    2244,
    470,
    3095,
    1228,
    367,
    1756,
    2235,
    2227,
    2724,
    1094,
    1740,
    4260,
    6628,
    6609,
    459,
    1241,
    5003
  ],
  [
    741,
    3032,
    2486,
    5444,
    4137,
    6182,
    4061
  ]
]