[
  [
    4648,
    4667,
    3613,
    2311,
    5723,
    5147,
    1636,
    6150,
    5131,
    4582,
    5714,
    5188,
    1025,
    261,
    3602,
    5651,
    419,
    5141,
    3592,
    4656,
    5106,
    5117,
    611,
    204,
    162,
    2317,
    5662,
    3581,
    6165,
    527,
    2261,
    196,
    5692,
    1132
  ],
  [
    3190,
    5118,
    5080,
    4176,
    5703,
    2748,
    2721,
    2252,
    2586,
    528,
    2318,
    3651,
    5673,
    6151,
    2189,
    2553,
    5681,
    2181,
    2171,
    1668,
    5155,
    3402,
    3614,
    2205
  ],
  [
    2197,
    5072,
    2764,
    3570,
    4539,
    2805,
    4113,
    2775,
    4364,
    5142,
    2700,
    2731,
    5055,
    4563
  ],
  [
    4246,
    4207,
    3511,
    3362,
    4041
  ],
  [
    4016
  ]
]