[
  [
    1418,
    7170,
    5978,
    6314,
    6410,
    2646,
    4953,
    4996,
    2991,
    865,
    3854,
    4887,
    687,
    586,
    979,
    3117,
    914,
    5467,
    904,
    5969,
    932,
    3792,
    3884,
    3006,
    950,
    5459,
    3865,
    3970,
    764,
    1854,
    1084,
    1074,
    1290,
    5486,
    5927,
    886,
    5959
  ],
  [
    1873,
    5504,
    5940,
    6380,
    2497,
    456,
    5986,
    6825,
    4997,
    6834,
    1053,
    7171,
    4954,
    3813,
    3069,
    2486
  ],
  [
    4955,
    3035,
    4828,
    3957,
    5799,
    7172,
    3842,
    3803,
    433,
    3947,
    2968,
    4888
  ],
  [
    5951
  ]
]