[
  [
    1219,
    5310,
    1284,
    1563,
    4887,
    1241,
    5384,
    1555,
    5883,
    5412,
    5844,
    1814,
    894,
    809,
    586,
    827,
    6275,
    1834,
    705,
    4914,
    2396,
    6293,
    1604,
    1458,
    2374,
    5371,
    5861,
    649,
    2405,
    774,
    837,
    507,
    5836,
    5360,
    845,
    799,
    5403,
    677,
    3014,
    5872,
    3077
  ],
  [
    3763,
    2047,
    4901,
    1230,
    2997,
    4856,
    2385,
    4915,
    5853,
    5828,
    4845,
    5385,
    2980,
    5798,
    3813,
    3025,
    6284
  ],
  [
    2884,
    4783,
    5340,
    1367,
    5815,
    5386,
    5294,
    4893,
    6999
  ],
  [
    4937
  ]
]