[
  [
    5481,
    1325,
    6422,
    5551,
    1986,
    6441,
    5500,
    6827,
    1459,
    6001,
    6009,
    6433,
    5983,
    5516,
    1973,
    5436,
    991,
    4053,
    3283,
    2554,
    4209,
    2503,
    1001,
    2495,
    5011,
    912,
    6026,
    5940,
    5073,
    6450,
    2543,
    5508,
    1263,
    953,
    866,
    1297,
    3305,
    973
  ],
  [
    2535,
    4199,
    5482,
    5972,
    4124,
    5019,
    1078,
    5037,
    1478,
    3272,
    3170,
    1470,
    479,
    647,
    5984,
    567,
    4217,
    4177,
    4924,
    6463
  ],
  [
    5964,
    4042,
    3974,
    2209,
    5483,
    3293,
    5465,
    5985,
    3106,
    5387,
    4970,
    5056
  ]
]