[
  [
    7122,
    1775,
    3382,
    783,
    3662,
    6720,
    3413,
    6701,
    2041,
    6238,
    7141,
    4050,
    5222,
    2515,
    6728,
    3162,
    388,
    7152,
    3631,
    2825,
    2608,
    5257,
    3342,
    5212,
    463,
    5731,
    4076,
    5771,
    3422,
    2049,
    1987,
    5248,
    362,
    3353
  ],
  [
    5275,
    7123,
    1882,
    1788,
    1692,
    2708,
    1380,
    7161,
    1756,
    5258,
    5177,
    6239,
    1388,
    6702,
    6264,
    3153,
    2874,
    2506,
    1408,
    3391
  ],
  [
    4024,
    4060,
    4231,
    5119,
    5742,
    2355,
    6703,
    7124,
    4593,
    4628,
    3279,
    4699
  ],
  [
    5762,
    2756,
    1726
  ],
  [
    6230,
    4158
  ],
  [
    1335
  ],
  [
    6152
  ]
]