[
  [
    5495,
    7026,
    7070,
    1593,
    7098,
    6576,
    6070,
    6603,
    6089,
    6122,
    6097,
    5959,
    4996,
    7035,
    2074,
    7050,
    1074,
    1084,
    914,
    1610,
    904,
    5608,
    1290,
    6648,
    1263,
    1282,
    7107,
    5523,
    6114,
    6105,
    932,
    6627,
    3077,
    6557,
    865,
    6614,
    7089,
    6595
  ],
  [
    6558,
    4985,
    4997,
    7036,
    7071,
    6131,
    6577,
    6071,
    1252,
    7108,
    433,
    3060,
    1271,
    2467,
    3876,
    3078
  ],
  [
    4928,
    7037,
    4955,
    3079,
    7060,
    7109,
    6578,
    7072
  ]
]