[
  [
    3672,
    170,
    398,
    3718,
    5532,
    2344,
    497,
    5283,
    253,
    5222,
    4773,
    4746,
    6866,
    4699,
    441,
    6874,
    5781,
    370,
    6851,
    3733,
    2911,
    3662,
    3699,
    6025,
    408,
    4716,
    2336,
    6002,
    552,
    2524,
    1503,
    337
  ],
  [
    3700,
    1014,
    3719,
    1997,
    4725,
    2919,
    1955,
    6003,
    2901,
    5533,
    1149,
    6852,
    1121,
    5789,
    2849,
    4760,
    6875,
    1946,
    4747,
    2015,
    1138,
    6439
  ],
  [
    1310,
    2857,
    2319,
    6240,
    5259,
    1926,
    1623,
    6016,
    1679,
    1511,
    2788,
    6876,
    1005
  ],
  [
    4707
  ]
]