[
  [
    6576,
    1084,
    6089,
    7070,
    6105,
    1066,
    6595,
    7089,
    1113,
    6122,
    3906,
    7026,
    6114,
    6603,
    1263,
    7035,
    7107,
    6557,
    6097,
    4887,
    7050,
    1094,
    6070,
    6614,
    1298,
    2467,
    1282,
    2074,
    932,
    1593,
    1610,
    7098,
    5608,
    5044,
    6627,
    6648,
    5495
  ],
  [
    700,
    3060,
    6558,
    1045,
    3813,
    6131,
    357,
    7036,
    3876,
    7108,
    4985,
    1252,
    7071,
    6071,
    433,
    1061,
    784,
    6577,
    1271
  ],
  [
    3035,
    4928,
    6578,
    7109,
    3930,
    4998,
    4955,
    7072,
    7037,
    4888,
    7060
  ]
]