[
  [
    4184,
    4349,
    1308,
    4244,
    989,
    2213,
    432,
    1004,
    4413,
    46,
    4524,
    4334,
    3431,
    10,
    4453,
    4374,
    1365,
    1013,
    3317,
    215,
    0,
    3138,
    4462,
    4547,
    3468,
    3457,
    1621,
    356,
    3989,
    20,
    4285,
    4398,
    3219,
    4422,
    38,
    4217,
    1032,
    4319,
    30,
    1677,
    2207,
    4300,
    4270,
    4033,
    3262,
    3234,
    1025,
    90,
    4435
  ],
  [
    1622,
    4525,
    4555,
    4320,
    1309,
    3479,
    4218,
    1366,
    3318,
    3235,
    4375,
    4185,
    3263,
    4350,
    3446,
    3432,
    4245,
    4399,
    4539,
    4335,
    2214,
    4271,
    4506,
    3220,
    4301,
    4286,
    4389,
    3139,
    990,
    3990
  ],
  [
    4526,
    4351,
    4336,
    4321,
    4287,
    4376,
    3991,
    4272
  ]
]