[
  [
    38,
    3989,
    98,
    4270,
    989,
    1365,
    3234,
    1621,
    2207,
    3431,
    4244,
    356,
    4285,
    3219,
    2213,
    4571,
    3262,
    1025,
    1013,
    4334,
    2729,
    432,
    4349,
    0,
    1004,
    30,
    4217,
    4033,
    4524,
    3317,
    3457,
    4319,
    4413,
    4547,
    1032,
    1677,
    4374,
    215,
    3138,
    4184,
    46,
    10,
    1308,
    4300,
    3468,
    90,
    4398
  ],
  [
    3263,
    2730,
    4301,
    3318,
    1622,
    4245,
    4185,
    3139,
    4389,
    3990,
    4068,
    990,
    4286,
    4506,
    3479,
    4399,
    4525,
    4555,
    3220,
    2214,
    1366,
    3432,
    3446,
    4218,
    3235,
    4350,
    4375,
    4271,
    4320,
    1309,
    4539,
    4335,
    4484
  ],
  [
    4351,
    4272,
    4526,
    4287,
    4186,
    3991,
    4376,
    4321,
    4336
  ]
]