[
  [
    1437,
    6842,
    3854,
    6814,
    3928,
    1456,
    3821,
    5459,
    6783,
    6736,
    6341,
    6323,
    5902,
    4914,
    6399,
    3865,
    6358,
    6390,
    5478,
    969,
    6791,
    774,
    586,
    6754,
    4968,
    6799,
    5033,
    1284,
    2443,
    4977,
    7170,
    5467,
    6369,
    7185,
    507,
    3955
  ],
  [
    6737,
    2475,
    5903,
    1833,
    6755,
    2989,
    6324,
    2944,
    3052,
    6825,
    6800,
    5420,
    3096,
    2454,
    2980,
    1846,
    3929,
    1825,
    1448,
    2416,
    3956,
    4915,
    2424,
    6772,
    3917
  ],
  [
    6303,
    713,
    5916,
    6350,
    6756,
    5904,
    6325,
    4916,
    3763,
    6801,
    6738,
    5431,
    4828
  ],
  [
    5815
  ]
]