[
  [
    677,
    3832,
    6986,
    6966,
    6947,
    566,
    734,
    1044,
    1190,
    649,
    507,
    5292,
    5338,
    1574,
    4799,
    2418,
    6488,
    558,
    469,
    6997,
    2966,
    479,
    6544,
    1210,
    3033,
    6517,
    4781,
    959,
    4826,
    4864,
    657,
    3840,
    876,
    5310,
    6506,
    4887,
    705,
    586,
    1458,
    6526,
    5371,
    6049,
    594,
    1284,
    5352,
    744,
    667,
    2055
  ],
  [
    6948,
    2047,
    6527,
    5320,
    3776,
    1555,
    3841,
    5339,
    1014,
    1486,
    2967,
    1219,
    3034,
    3813,
    6976,
    4827,
    5328,
    6998,
    3784,
    3755,
    2955,
    4815,
    1033,
    1199,
    4782,
    5293
  ],
  [
    6004,
    6460,
    3743,
    6949,
    628,
    4807
  ]
]