[
  [
    1052,
    576,
    4707,
    1547,
    1138,
    620,
    2849,
    6916,
    6897,
    517,
    4725,
    6927,
    6866,
    6889,
    6458,
    3640,
    2344,
    2617,
    3733,
    489,
    479,
    6447,
    6060,
    1503,
    1520,
    6936,
    6497,
    2028,
    1168,
    6473,
    317,
    542,
    307,
    1977,
    602,
    1427,
    1997
  ],
  [
    3742,
    2633,
    1121,
    6459,
    2039,
    1536,
    6898,
    1964,
    1130,
    1179,
    5275,
    1014,
    2930,
    2006,
    6474,
    1475,
    6016,
    1528,
    1149,
    1160,
    2625,
    4815
  ],
  [
    6460,
    6475,
    6853,
    5259,
    6899,
    6429,
    2300,
    6876,
    2597
  ],
  [
    1495
  ],
  [
    1917
  ]
]