[
  [
    3033,
    1574,
    876,
    6947,
    7015,
    4826,
    3815,
    6041,
    5292,
    517,
    5371,
    639,
    1241,
    4799,
    687,
    5559,
    657,
    6488,
    4807,
    1210,
    1190,
    959,
    744,
    4864,
    542,
    6526,
    6986,
    5797,
    4781,
    6506,
    2055,
    649,
    6544,
    734,
    3832,
    1563,
    6966,
    594,
    6517,
    3840,
    809,
    667,
    4815
  ],
  [
    1014,
    1033,
    5320,
    1230,
    3784,
    3034,
    1199,
    2066,
    2955,
    5293,
    4885,
    1555,
    1219,
    6976,
    6948,
    4901,
    1486,
    3776,
    6527,
    4782,
    4827,
    3841
  ],
  [
    6004,
    1026,
    3701,
    6949,
    5534,
    6528,
    628,
    1739,
    3743,
    6460,
    3816,
    4828
  ]
]