[
  [
    1587,
    1798,
    2105,
    1418,
    6410,
    1854,
    5969,
    3821,
    3854,
    5478,
    1604,
    764,
    4953,
    5015,
    1103,
    754,
    1298,
    3117,
    2646,
    6834,
    6418,
    5486,
    5504,
    886,
    1094,
    3865,
    1464,
    5978,
    5467,
    950,
    1113,
    3970,
    4887,
    1066,
    5994,
    819
  ],
  [
    2486,
    4954,
    1426,
    2416,
    6380,
    7171,
    4976,
    2435,
    6314,
    3792,
    456,
    5986,
    784,
    1061,
    2497,
    3813,
    1045,
    1873,
    1053,
    3947,
    3069
  ],
  [
    2968,
    612,
    7172,
    5799,
    5446,
    4888,
    529,
    5024,
    3957,
    1833,
    4916,
    3842,
    3803
  ],
  [
    5951
  ]
]