-16.0,-9.480891156896669E13,
-15.0,-9.629800128746723E13,
-11.0,-9.726995770530366E13,
-8.0,-9.344250842258786E13,
-8.0,-9.296989655316819E13,
-7.0,-9.561673174440556E13,
-7.0,-8.844670091139012E13,
-6.0,-8.940706511817144E13,
-3.0,-9.035472737306783E13,
-3.0,-8.84203076495335E13,
-2.0,-9.078291128022972E13,
micro
-2.0,-6.6201034789796305E13,
-2.0,-6.6201034789796305E13,
-1.0,-6.699277907247317E13,
-1.0,-6.693269815454464E13,
-1.0,-6.690083027942292E13,
-1.0,-6.690083027942292E13,
-1.0,-6.6502888274841984E13,
-1.0,-6.628142232401522E13,
-1.0,-6.574609376372072E13,
-1.0,-6.56572398698426E13,
-1.0,-6.5627738236156625E13,
macro
-1.0,-4.93202438502414E13,
-1.0,-4.908870366735296E13,
-1.0,-4.8933177606356305E13,
-1.0,-4.8904956538010805E13,
-1.0,-4.873575095194322E13,
-1.0,-4.852628707291694E13,
-1.0,-4.849868215499687E13,
-1.0,-4.820498145243963E13,
-1.0,-4.815572275006921E13,
-1.0,-4.81389526027622E13,
-1.0,-4.788086429059112E13,
micro
-2.0,-3.4833991515039062E13,
-2.0,-3.4623605489858914E13,
-2.0,-3.4590576005678906E13,
-2.0,-3.4525023399753793E13,
-2.0,-3.4482440861099027E13,
-2.0,-3.446400517435004E13,
-2.0,-3.439275143422766E13,
-2.0,-3.439275143422766E13,
-2.0,-3.4382014630906035E13,
-2.0,-3.438120481451961E13,
-2.0,-3.4305156239905473E13,
macro
-2.0,-2.679020166866816E13,
-2.0,-2.6678380441099754E13,
-2.0,-2.657156798994285E13,
-2.0,-2.6520492149533707E13,
-2.0,-2.6520492149533707E13,
-2.0,-2.6520492149533707E13,
-2.0,-2.6519731761605062E13,
-2.0,-2.6519731761605062E13,
-2.0,-2.6496344060990336E13,
-2.0,-2.6496344060990336E13,
-2.0,-2.6478652738837684E13,
micro
-3.0,-2.101621607737834E13,
-3.0,-2.0709739275260492E13,
-3.0,-2.070127492925933E13,
-3.0,-2.0632011703880016E13,
-3.0,-2.063088704116844E13,
-3.0,-2.063088704116844E13,
-3.0,-2.063088704116844E13,
-3.0,-2.0581062222710645E13,
-3.0,-2.0581062222710645E13,
-3.0,-2.0563973389803684E13,
-3.0,-2.054083569733473E13,
macro
-3.0,-1.5771186193184607E13,
-3.0,-1.5748386406799838E13,
-3.0,-1.5726157650129686E13,
-3.0,-1.5639103073819172E13,
-3.0,-1.5605297139361768E13,
-3.0,-1.5605297139361768E13,
-3.0,-1.5605297139361768E13,
-3.0,-1.5592543156156988E13,
-3.0,-1.5592543156156988E13,
-3.0,-1.5592543156156988E13,
-3.0,-1.5592543156156988E13,
micro
-3.0,-1.0926773299148988E13,
-3.0,-1.0926773299148988E13,
-3.0,-1.0926773299148988E13,
-3.0,-1.0926773299148988E13,
-3.0,-1.0926773299148988E13,
macro
-3.0,-6.264781402797304E12,
-3.0,-6.264781402797304E12,
-3.0,-6.264781402797304E12,
-3.0,-6.264781402797304E12,
-3.0,-6.264781402797304E12,
micro
-3.0,-4.1811644128855625E12,
-3.0,-4.1811644128855625E12,
-3.0,-4.1811644128855625E12,
-3.0,-4.1811644128855625E12,
-3.0,-4.1811644128855625E12,
macro
-7.0,-2.768714878262608E12,
-6.0,-2.7565233914548296E12,
-6.0,-2.7565233914548296E12,
-6.0,-2.7565233914548296E12,
-6.0,-2.7565233914548296E12,
-6.0,-2.7555842017691035E12,
-6.0,-2.7555842017691035E12,
-6.0,-2.7555842017691035E12,
-6.0,-2.7555842017691035E12,
-6.0,-2.7555842017691035E12,
micro
-3.0,-1.5782501139209375E12,
-3.0,-1.5782501139209375E12,
-3.0,-1.5782501139209375E12,
-3.0,-1.578232663232281E12,
-3.0,-1.5781528949362407E12,
-3.0,-1.5781528949362407E12,
-3.0,-1.5781528949362407E12,
-3.0,-1.5781528949362407E12,
-3.0,-1.5781528949362407E12,
macro
-6.0,-8.414496250734745E11,
-6.0,-8.414496250734745E11,
-6.0,-8.414496250734745E11,
-6.0,-8.414496250734745E11,
-6.0,-8.414496250734745E11,
micro
-6.0,-6.46588482353677E11,
-6.0,-6.46588482353677E11,
-6.0,-6.46588482353677E11,
-6.0,-6.46588482353677E11,
-6.0,-6.46588482353677E11,
macro
-6.0,-6.46588482353677E11,
-6.0,-6.46588482353677E11,
-6.0,-6.46588482353677E11,
-6.0,-6.46588482353677E11,
-6.0,-6.46588482353677E11,
micro
-6.0,-6.46588482353677E11,
-6.0,-6.46588482353677E11,
-6.0,-6.46588482353677E11,
-6.0,-6.46588482353677E11,
-6.0,-6.46588482353677E11,
macro
-6.0,-6.46588482353677E11,
-6.0,-6.46588482353677E11,
-6.0,-6.46588482353677E11,
-6.0,-6.46588482353677E11,
-6.0,-6.46588482353677E11,
micro
