[
  [
    4961,
    6430,
    885,
    5993,
    1096,
    815,
    6419,
    5441,
    626,
    868,
    5939,
    5396,
    789,
    6405,
    5354,
    5406,
    5972,
    606,
    946,
    913,
    3097,
    779,
    3219,
    2742,
    5363,
    5371,
    938,
    6454,
    634,
    5983,
    1119,
    5928,
    807,
    487,
    903,
    4141,
    6013,
    1846,
    3068,
    5433,
    771,
    6445,
    4133,
    5388
  ],
  [
    1856,
    5007,
    3132,
    823,
    5442,
    3154,
    4142,
    728,
    3143,
    4999,
    3220,
    6406,
    2743,
    4215,
    6431,
    4199,
    2477,
    4988
  ],
  [
    5443,
    4971,
    1156,
    3208,
    6407
  ]
]