[
  [
    5053,
    4453,
    3501,
    455,
    142,
    4612,
    4484,
    4121,
    2261,
    2299,
    3551,
    3171,
    54,
    2682,
    132,
    80,
    114,
    281,
    3989,
    5106,
    4198,
    70,
    2691,
    2311,
    4444,
    3292,
    122,
    98,
    5089,
    4604,
    62,
    3317,
    4571,
    3519,
    3201,
    2750,
    4167,
    3978,
    2729,
    2786,
    348,
    3543
  ],
  [
    4620,
    3552,
    1678,
    3249,
    4148,
    3990,
    3128,
    5097,
    4104,
    3402,
    3210,
    4008,
    3318,
    2787,
    2730,
    2721,
    5054,
    4138,
    4068,
    4506
  ],
  [
    3264,
    3140,
    3236,
    4186,
    5055,
    3433,
    3221,
    4219,
    3991
  ]
]