[
  [
    4977,
    940,
    4893,
    6791,
    6783,
    6323,
    1854,
    1052,
    2443,
    6825,
    6390,
    5902,
    5459,
    1284,
    5033,
    4953,
    5444,
    6814,
    2363,
    3928,
    4968,
    950,
    6754,
    4885,
    6284,
    2105,
    1437,
    7170,
    6399,
    3821,
    6736,
    979,
    6799,
    969,
    2980,
    5512,
    6358,
    3955,
    1456,
    6341,
    6369,
    855
  ],
  [
    5828,
    1448,
    3052,
    3956,
    1833,
    2475,
    713,
    3917,
    6737,
    4937,
    6755,
    6800,
    6324,
    6772,
    5903,
    2424,
    1846,
    5328,
    2944,
    1426,
    2989,
    5445,
    3929,
    1825,
    5420,
    3096,
    2454
  ],
  [
    6325,
    5431,
    6756,
    6350,
    5904,
    4783,
    4828,
    6834,
    6738,
    1806,
    6303,
    5340
  ]
]