[
  [
    1636,
    527,
    3613,
    2317,
    3592,
    2562,
    106,
    5651,
    5714,
    3602,
    5723,
    5117,
    132,
    3371,
    261,
    2750,
    152,
    5692,
    6150,
    5147,
    419,
    3581,
    162,
    6165,
    5131,
    1132,
    4637,
    5188,
    611,
    4667,
    204,
    5662,
    196,
    4648
  ],
  [
    2553,
    5168,
    2252,
    3651,
    3614,
    3402,
    2318,
    2181,
    6151,
    2189,
    5155,
    5139,
    2205,
    5673,
    528,
    5681,
    2586,
    5080,
    3190,
    1668,
    5703,
    2171,
    5118,
    4656
  ],
  [
    2764,
    2775,
    3319,
    5072,
    4563,
    2805,
    2731,
    3570,
    4219,
    2700,
    2197,
    4364
  ],
  [
    4207,
    3511,
    4246,
    3362,
    4041
  ],
  [
    4016
  ]
]