[
  [
    6049,
    6506,
    6997,
    6517,
    5292,
    1528,
    1210,
    6986,
    667,
    4864,
    734,
    1563,
    2625,
    6947,
    4826,
    809,
    959,
    5371,
    1834,
    3832,
    2055,
    479,
    1574,
    6966,
    4875,
    6041,
    5310,
    1241,
    657,
    5352,
    4799,
    6526,
    1536,
    1547,
    2418,
    1052,
    1190,
    6544
  ],
  [
    5293,
    5328,
    4827,
    2039,
    6948,
    4815,
    1486,
    1199,
    3776,
    1230,
    3755,
    3784,
    5320,
    1219,
    1033,
    3763,
    4856,
    2312,
    6998,
    1555,
    2955,
    6976,
    6459,
    6527
  ],
  [
    628,
    2884,
    4807,
    6004,
    1367,
    6475,
    6460,
    6528,
    5294,
    3701,
    6949,
    5815
  ],
  [
    2066
  ],
  [
    1026
  ]
]