[
  [
    327,
    1162,
    4121,
    1522,
    4016,
    6195,
    2562,
    180,
    188,
    2882,
    6657,
    699,
    3342,
    269,
    243,
    4678,
    1987,
    2287,
    4735,
    2232,
    6222,
    6693,
    1549,
    2506,
    253,
    4582,
    4637,
    225,
    2515,
    4563,
    2041,
    1893,
    1977,
    287,
    3371,
    6676,
    5168,
    3353,
    441
  ],
  [
    1327,
    6658,
    3532,
    3688,
    2608,
    3631,
    2573,
    1692,
    5235,
    3680,
    1882,
    1354,
    2814,
    1343,
    2883,
    5177,
    6196,
    6685
  ],
  [
    3319,
    6659,
    4688,
    5751,
    6176,
    1623,
    4473,
    6187,
    1700,
    2788
  ],
  [
    1657,
    1649,
    4095,
    1935
  ],
  [
    4400,
    4259
  ]
]