[
  [
    7035,
    5444,
    914,
    6131,
    4887,
    3906,
    4996,
    7098,
    7107,
    7070,
    5951,
    1282,
    1074,
    6614,
    1610,
    3947,
    7089,
    2074,
    6627,
    6648,
    6576,
    6557,
    5959,
    1585,
    1113,
    6097,
    1066,
    6139,
    1290,
    1263,
    6603,
    7050,
    5495,
    6070,
    6105,
    6114,
    7026,
    1593,
    1084
  ],
  [
    4997,
    4985,
    5445,
    5024,
    6558,
    6071,
    1252,
    2992,
    1271,
    3813,
    3876,
    7071,
    3106,
    1045,
    1873,
    3060,
    7036,
    6577,
    7108,
    2467
  ],
  [
    4928,
    7060,
    4998,
    5446,
    4888,
    7072,
    7037,
    7109
  ]
]