[
  [
    497,
    5771,
    3741,
    1052,
    370,
    1060,
    4699,
    5532,
    6851,
    6002,
    1906,
    4716,
    469,
    235,
    378,
    1946,
    5201,
    4773,
    408,
    170,
    2336,
    1808,
    5283,
    6874,
    1935,
    2911,
    793,
    5222,
    3718,
    398,
    253,
    6256,
    5781,
    1044,
    2929,
    6025,
    2515,
    552,
    5551,
    3672,
    4746,
    1162,
    2524
  ],
  [
    4747,
    6875,
    6852,
    1764,
    6439,
    2015,
    3719,
    4760,
    2901,
    2919,
    5533,
    6003,
    1955,
    5789
  ],
  [
    6240,
    1005,
    6264,
    1926,
    1310,
    2857,
    2319,
    1623,
    991,
    1511,
    4748
  ]
]