-15.0,54.10285876392419,
-14.0,53.459411771334445,
-12.0,54.28861778150745,
-5.0,55.02527247405569,
-4.0,54.70457384151885,
-4.0,55.054183210467734,
-4.0,55.054183210467734,
-3.0,54.53403763269699,
-3.0,54.87788678406056,
-3.0,54.88394626907033,
-2.0,54.14475646998887,
micro
0.0,0.0,-1.296682120783E12,
0.0,0.0,-1.296682120464E12,
0.0,0.0,-1.296682120464E12,
0.0,0.0,-1.296682120464E12,
0.0,0.0,-1.296682120464E12,
0.0,0.0,-1.296682120117E12,
0.0,0.0,-1.296682119827E12,
0.0,0.0,-1.296682119827E12,
0.0,0.0,-1.296682119827E12,
0.0,0.0,-1.296682119827E12,
macro
-1.0,53.340255991493116,
-1.0,53.34089514987007,
-1.0,53.44092757393445,
-1.0,53.69503631198379,
-1.0,53.914003710363566,
-1.0,54.04780035291034,
-1.0,54.04780035291034,
-1.0,54.04780035291034,
-1.0,54.086273017137685,
-1.0,54.18532735317968,
-1.0,54.29281322104762,
micro
0.0,0.0,-1.296683892079E12,
0.0,0.0,-1.296683869452E12,
0.0,0.0,-1.296683869452E12,
0.0,0.0,-1.296683869452E12,
0.0,0.0,-1.296683869452E12,
0.0,0.0,-1.296683863675E12,
0.0,0.0,-1.296683860355E12,
0.0,0.0,-1.29668382936E12,
0.0,0.0,-1.29668382598E12,
0.0,0.0,-1.296683820625E12,
macro
-1.0,53.20550844958933,
-1.0,53.48529272995382,
-1.0,53.48587676239826,
-1.0,53.509342870260866,
-1.0,53.580050493882226,
-1.0,53.612080863942005,
-1.0,53.636008753046355,
-1.0,53.636008753046355,
-1.0,53.64071741595657,
-1.0,53.65817530083941,
-1.0,53.667209714520745,
micro
0.0,0.0,-1.296685771445E12,
0.0,0.0,-1.296685743109E12,
0.0,0.0,-1.296685713382E12,
0.0,0.0,-1.296685713382E12,
0.0,0.0,-1.296685713382E12,
0.0,0.0,-1.296685713382E12,
0.0,0.0,-1.29668570849E12,
0.0,0.0,-1.29668570849E12,
0.0,0.0,-1.29668570849E12,
0.0,0.0,-1.29668570849E12,
macro
-2.0,51.2142165865377,
-2.0,51.2430498740641,
-2.0,51.2430498740641,
-2.0,51.440154994097064,
-2.0,51.46615790583062,
-2.0,51.56743879126115,
-2.0,51.68158525777118,
-2.0,51.70497353265363,
-2.0,51.727573242367306,
-2.0,51.834919966486304,
-2.0,51.869951837259634,
micro
0.0,0.0,-1.296687621238E12,
0.0,0.0,-1.296687596665E12,
0.0,0.0,-1.296687561103E12,
0.0,0.0,-1.296687561103E12,
0.0,0.0,-1.296687561103E12,
0.0,0.0,-1.296687553549E12,
0.0,0.0,-1.296687553549E12,
0.0,0.0,-1.296687553549E12,
0.0,0.0,-1.296687540066E12,
0.0,0.0,-1.296687539492E12,
macro
-2.0,49.660483753424145,
-2.0,49.660483753424145,
-2.0,49.660483753424145,
-2.0,49.678995715857475,
-2.0,49.68277760696237,
-2.0,49.68985386703659,
-2.0,49.697270267415256,
-2.0,49.69916525722304,
-2.0,49.70132164417459,
-2.0,49.70132164417459,
-2.0,49.70610618121681,
micro
-3.0,-1.0,-1.296689357414E12,
-2.0,0.0,-1.296689414044E12,
-2.0,0.0,-1.296689414044E12,
-2.0,0.0,-1.296689414044E12,
-2.0,0.0,-1.296689414044E12,
-2.0,0.0,-1.296689381605E12,
-2.0,0.0,-1.29668936489E12,
-2.0,0.0,-1.296689312605E12,
-2.0,0.0,-1.296689312605E12,
-2.0,0.0,-1.296689312605E12,
macro
-2.0,46.82178437419599,
-2.0,46.84798215789355,
-2.0,46.84798215789355,
-2.0,46.84798215789355,
-2.0,46.85495798462155,
-2.0,46.98960940660044,
-2.0,46.98960940660044,
-2.0,46.98960940660044,
-2.0,47.019339379471774,
-2.0,47.02713906282688,
-2.0,47.028168505464436,
micro
-2.0,-4.0,-1.296691160132E12,
-2.0,-4.0,-1.29669112175E12,
-2.0,-4.0,-1.296691112772E12,
-2.0,-4.0,-1.296691112772E12,
-2.0,-4.0,-1.296691112772E12,
-2.0,-4.0,-1.296691112772E12,
-2.0,-4.0,-1.296691087459E12,
-2.0,-4.0,-1.296691087459E12,
-2.0,-4.0,-1.296691087459E12,
-2.0,-4.0,-1.296691087459E12,
macro
-2.0,44.45687669541074,
-2.0,44.477090868370745,
-2.0,44.51415850254785,
-2.0,44.684379385587356,
-2.0,44.684379385587356,
-2.0,44.685581526701355,
-2.0,44.68689109339935,
-2.0,44.69352706149669,
-2.0,44.69595057211113,
-2.0,44.69595057211113,
-2.0,44.69650255433336,
micro
-2.0,-1.0,-1.296693159073E12,
-2.0,-1.0,-1.296692999728E12,
-2.0,-1.0,-1.296692999728E12,
-2.0,-1.0,-1.296692999728E12,
-2.0,-1.0,-1.296692999728E12,
-2.0,-1.0,-1.296692995943E12,
-2.0,-1.0,-1.296692958259E12,
-2.0,-1.0,-1.296692958259E12,
-2.0,-1.0,-1.296692956898E12,
-2.0,-1.0,-1.296692949895E12,
macro
-3.0,42.27533585550285,
-3.0,42.27533585550285,
-3.0,42.27575150679175,
-3.0,42.27575150679175,
-3.0,42.27575150679175,
-3.0,42.27575150679175,
-3.0,42.32894733194286,
-3.0,42.32894733194286,
-3.0,42.32894733194286,
-3.0,42.374496168464965,
-3.0,42.37453809961364,
micro
-3.0,-4.0,-1.296694803086E12,
-3.0,-4.0,-1.296694803086E12,
-3.0,-4.0,-1.296694777762E12,
-3.0,-4.0,-1.296694777762E12,
-3.0,-4.0,-1.296694776203E12,
-3.0,-4.0,-1.296694776203E12,
-3.0,-4.0,-1.296694762E12,
-3.0,-4.0,-1.2966947454E12,
-3.0,-4.0,-1.2966947454E12,
-3.0,-4.0,-1.2966947454E12,
macro
-3.0,39.612573130333736,
-3.0,39.71048920086524,
-3.0,39.73048412114346,
-3.0,39.73076730221672,
-3.0,39.74272026669383,
-3.0,39.74272026669383,
-3.0,39.74272026669383,
-3.0,39.74272026669383,
-3.0,39.74480124042139,
-3.0,39.754155958906274,
-3.0,39.754155958906274,
micro
-3.0,-8.0,-1.296696549524E12,
-3.0,-8.0,-1.296696549524E12,
-3.0,-8.0,-1.296696535408E12,
-3.0,-8.0,-1.296696535408E12,
-3.0,-8.0,-1.296696535408E12,
-3.0,-8.0,-1.29669651972E12,
-3.0,-8.0,-1.29669651972E12,
-3.0,-8.0,-1.29669651912E12,
-3.0,-8.0,-1.29669651912E12,
-3.0,-8.0,-1.29669651912E12,
macro
-4.0,37.08822085759322,
-4.0,37.09100362750278,
-4.0,37.09100362750278,
-4.0,37.09100362750278,
-4.0,37.09100362750278,
-4.0,37.09224376095878,
-4.0,37.09224376095878,
-4.0,37.09224376095878,
-4.0,37.09224376095878,
-4.0,37.09224376095878,
micro
-4.0,-10.0,-1.296698380533E12,
-4.0,-7.0,-1.296698486354E12,
-4.0,-7.0,-1.296698486354E12,
-4.0,-7.0,-1.296698486354E12,
-4.0,-7.0,-1.296698486354E12,
-4.0,-7.0,-1.296698486354E12,
-4.0,-7.0,-1.296698486354E12,
-4.0,-7.0,-1.296698486354E12,
-4.0,-7.0,-1.296698486354E12,
-4.0,-7.0,-1.296698486354E12,
macro
-10.0,34.308422963475095,
-10.0,34.308422963475095,
-10.0,34.308422963475095,
-10.0,34.308422963475095,
-10.0,34.308422963475095,
micro
-8.0,-3.0,-1.29670039268E12,
-8.0,-3.0,-1.296700330263E12,
-8.0,-3.0,-1.296700299442E12,
-8.0,-3.0,-1.296700295897E12,
-8.0,-3.0,-1.296700288871E12,
-8.0,-3.0,-1.296700206444E12,
-8.0,-3.0,-1.296700206444E12,
-8.0,-3.0,-1.296700206444E12,
-8.0,-3.0,-1.296700187927E12,
-8.0,-3.0,-1.296700187927E12,
macro
-11.0,30.962351967690626,
-11.0,30.963870190702963,
-11.0,30.963870190702963,
-11.0,30.963870190702963,
-11.0,30.963870190702963,
-11.0,30.963870190702963,
micro
-13.0,-3.0,-1.296702484704E12,
-13.0,-3.0,-1.296702484704E12,
-13.0,-3.0,-1.296702484704E12,
-13.0,-3.0,-1.296702484704E12,
-13.0,-3.0,-1.296702484704E12,
-13.0,-3.0,-1.296702484704E12,
-13.0,-3.0,-1.296702484704E12,
-13.0,-3.0,-1.296702484704E12,
-13.0,-3.0,-1.296702484704E12,
-13.0,-3.0,-1.296702484704E12,
macro
-17.0,27.252226881018387,
-17.0,27.252226881018387,
-17.0,27.252226881018387,
-17.0,27.252226881018387,
-17.0,27.252226881018387,
micro
-16.0,0.0,-1.296703715659E12,
-16.0,0.0,-1.296703684738E12,
-16.0,0.0,-1.296703681621E12,
-16.0,0.0,-1.296703615412E12,
-16.0,0.0,-1.296703615412E12,
-16.0,0.0,-1.296703554706E12,
-16.0,0.0,-1.29670354967E12,
-16.0,0.0,-1.29670354967E12,
-16.0,0.0,-1.29670354967E12,
-16.0,0.0,-1.29670354967E12,
macro
-17.0,25.544102417978188,
-17.0,25.544102417978188,
-17.0,25.544102417978188,
-17.0,25.544102417978188,
-17.0,25.544102417978188,
micro
-16.0,0.0,-1.296703677446E12,
-16.0,0.0,-1.296703677446E12,
-16.0,0.0,-1.296703677446E12,
-16.0,0.0,-1.296703677446E12,
macro
-17.0,25.51453538583333,
-17.0,25.51453538583333,
-17.0,25.51453538583333,
-17.0,25.51453538583333,
-17.0,25.51453538583333,
micro
-16.0,0.0,-1.296703677446E12,
-16.0,0.0,-1.296703677446E12,
-16.0,0.0,-1.296703677446E12,
-16.0,0.0,-1.296703677446E12,
macro
-17.0,25.514535385833334,
-17.0,25.514535385833334,
-17.0,25.514535385833334,
-17.0,25.514535385833334,
-17.0,25.514535385833334,
micro
-17.0,0.0,-1.296703677446E12,
-17.0,0.0,-1.296703677446E12,
-17.0,0.0,-1.296703677446E12,
-17.0,0.0,-1.296703677446E12,
macro
-17.0,25.514535385833334,
-17.0,25.514535385833334,
-17.0,25.514535385833334,
-17.0,25.514535385833334,
-17.0,25.514535385833334,
micro
-17.0,0.0,-1.296703677446E12,
-17.0,0.0,-1.296703677446E12,
-17.0,0.0,-1.296703677446E12,
-17.0,0.0,-1.296703677446E12,
macro
