[
  [
    649,
    4887,
    793,
    5384,
    886,
    744,
    6293,
    5412,
    6275,
    1814,
    5891,
    2405,
    724,
    2396,
    837,
    5836,
    4781,
    687,
    639,
    5872,
    3840,
    894,
    5797,
    705,
    1604,
    1284,
    819,
    3033,
    827,
    3865,
    3077,
    5883,
    7015,
    774,
    3014,
    845,
    4914,
    865,
    677,
    5338,
    799,
    1052,
    764,
    517,
    5861,
    5844,
    5403,
    754,
    5360
  ],
  [
    4901,
    4915,
    3813,
    5385,
    5339,
    2385,
    5328,
    3078,
    4845,
    2374,
    5798,
    2997,
    3034,
    4782,
    3025,
    3841
  ],
  [
    6999,
    5386
  ]
]