[
  [
    699,
    4735,
    1522,
    2232,
    2287,
    6222,
    5212,
    6657,
    2866,
    5723,
    3511,
    5188,
    6195,
    6693,
    6214,
    243,
    4678,
    1713,
    287,
    2882,
    5168,
    2041,
    5201,
    327,
    2243,
    225,
    2838,
    2311,
    1549
  ],
  [
    1343,
    4076,
    2506,
    1882,
    1327,
    2883,
    6658,
    6196,
    2814,
    2721,
    6685,
    3680,
    2205,
    4050,
    1354,
    5177,
    3688,
    3631,
    3413,
    3532,
    5235,
    4085,
    1692
  ],
  [
    5751,
    4473,
    6187,
    1906,
    6676,
    4129,
    4176,
    6197,
    6176,
    4688,
    1700,
    2260,
    6659,
    5119
  ],
  [
    1657,
    1649,
    4095,
    4148
  ],
  [
    4400,
    4259
  ]
]