[
  [
    1677,
    4547,
    142,
    5053,
    3468,
    2786,
    4612,
    2682,
    2299,
    2750,
    3519,
    3371,
    2207,
    1765,
    3302,
    348,
    3501,
    132,
    3978,
    70,
    4121,
    3277,
    4068,
    4524,
    1409,
    1737,
    114,
    3551,
    3543,
    4620,
    2691,
    455,
    1694,
    4555,
    3138,
    2311,
    3234,
    4571,
    1025,
    5089,
    3457,
    122
  ],
  [
    2721,
    4525,
    5054,
    3318,
    2787,
    1678,
    4484,
    3422,
    4582,
    3278,
    4593,
    3235,
    4604,
    3249,
    4198,
    3446,
    3128,
    5097,
    3552,
    3153,
    3303,
    4539,
    5106,
    3210,
    4138,
    3139
  ],
  [
    3319,
    3236,
    5055,
    4526,
    4272,
    3221,
    3140
  ]
]