[
  [
    1775,
    1522,
    2825,
    7152,
    7122,
    3662,
    6238,
    5201,
    7141,
    4129,
    1564,
    388,
    3413,
    5222,
    4085,
    170,
    6701,
    4050,
    2608,
    5257,
    1987,
    362,
    783,
    3382,
    5212,
    2515,
    5771,
    3162,
    2049,
    3342,
    6720,
    6728,
    5762,
    4095,
    4259,
    3171,
    6222,
    4076,
    5248
  ],
  [
    5258,
    6239,
    1788,
    7161,
    1882,
    4148,
    2874,
    5275,
    1388,
    7123,
    6702,
    1756,
    2708,
    3391,
    1408,
    1380
  ],
  [
    2355,
    3279,
    7124,
    4231,
    4024,
    4060,
    6703,
    6659,
    3304,
    5742,
    4628,
    4699
  ],
  [
    2756,
    1726
  ],
  [
    4158,
    6230
  ],
  [
    1335
  ],
  [
    6152
  ]
]