[
  [
    178,
    188,
    478,
    2021,
    4721,
    4693,
    2006,
    5138,
    2924,
    6220,
    443,
    451,
    3593,
    2627,
    5728,
    5166,
    376,
    3569,
    5147,
    216,
    5660,
    3578,
    5678,
    2822,
    206,
    263,
    6474,
    458,
    245,
    198,
    1783,
    3620,
    5193,
    2848,
    2867,
    3721,
    566,
    3649,
    4654,
    3353,
    4665,
    4749,
    2884,
    5210
  ],
  [
    4622,
    3612,
    2925,
    2286,
    2639,
    3787,
    2297,
    3601,
    6221,
    3386,
    3579,
    5729,
    2310,
    4694,
    5691,
    5211,
    4230,
    5148,
    3722,
    2022,
    3778,
    4149,
    3639,
    2761
  ],
  [
    4483,
    3364,
    5149,
    2782,
    4389,
    3580,
    4695,
    4567,
    2859
  ],
  [
    5669
  ]
]