[
  [
    6390,
    979,
    969,
    6825,
    6736,
    3792,
    687,
    2443,
    6814,
    1427,
    6323,
    940,
    7170,
    6754,
    4945,
    1437,
    5444,
    3928,
    7185,
    4914,
    1604,
    6799,
    5927,
    5033,
    922,
    5512,
    6783,
    5902,
    6791,
    3955,
    4887,
    6842,
    4968,
    1456,
    855,
    6369,
    6358,
    754
  ],
  [
    3917,
    5445,
    3893,
    3929,
    1825,
    6737,
    2944,
    3052,
    6755,
    3884,
    4976,
    5420,
    4915,
    6324,
    2454,
    2424,
    1448,
    5903,
    3813,
    3096,
    6800,
    3956,
    6772
  ],
  [
    6756,
    5916,
    6303,
    5446,
    5904,
    5431,
    5386,
    4828,
    6350,
    4783,
    2931,
    6738,
    4888,
    4916,
    6325
  ],
  [
    1418
  ]
]