[
  [
    672,
    5385,
    805,
    4002,
    5361,
    904,
    769,
    5428,
    6311,
    5540,
    486,
    797,
    1084,
    2216,
    876,
    1932,
    719,
    2467,
    787,
    5871,
    5400,
    4915,
    5893,
    823,
    4074,
    6359,
    6330,
    5912,
    856,
    6346,
    4896,
    583,
    3291,
    4135,
    6338,
    3082,
    4937
  ],
  [
    5386,
    4246,
    4136,
    5411,
    1924,
    1913,
    2478,
    4115,
    5362,
    4075,
    5342,
    4948,
    6312,
    5904,
    4959,
    3292
  ],
  [
    626,
    6313,
    2676,
    5317,
    3134,
    1191,
    6360,
    4831,
    5363
  ]
]