[
  [
    1113,
    6089,
    6114,
    6627,
    7026,
    914,
    6070,
    922,
    7035,
    6576,
    6097,
    1103,
    1066,
    6557,
    1084,
    1610,
    1263,
    6131,
    7107,
    7070,
    6595,
    5495,
    2074,
    7050,
    6122,
    6139,
    6614,
    7098,
    7089,
    6105,
    5608,
    6648,
    819,
    1593,
    6603
  ],
  [
    349,
    6558,
    6577,
    3876,
    4985,
    1252,
    7071,
    5044,
    1271,
    1061,
    6071,
    3078,
    3060,
    7108,
    7036,
    357
  ],
  [
    3079,
    5446,
    700,
    7060,
    7072,
    3930,
    6578,
    7037,
    4928,
    3035,
    7109,
    529
  ]
]