[
  [
    4995,
    6802,
    2504,
    4968,
    4188,
    5455,
    6393,
    6847,
    599,
    6819,
    6384,
    6857,
    1325,
    7149,
    6373,
    1093,
    7164,
    6365,
    6838,
    6810,
    1962,
    5054,
    1279,
    1943,
    6404,
    4987,
    6779,
    1451,
    943,
    928,
    1011,
    6866,
    5463,
    5921,
    617,
    6787
  ],
  [
    5464,
    1954,
    2527,
    3151,
    929,
    3248,
    6405,
    6867,
    1435,
    1997,
    3229,
    4969,
    5838,
    3240,
    5951,
    4169,
    5922,
    1443,
    7150,
    6017,
    3218,
    6788,
    5055,
    5884,
    2516
  ],
  [
    6868,
    2698,
    7151,
    5923,
    3049,
    6789,
    4822,
    3162,
    6406,
    2451,
    4869
  ],
  [
    730,
    5419,
    4848
  ]
]