[
  [
    1574,
    3033,
    6041,
    5797,
    876,
    6517,
    6506,
    6947,
    687,
    558,
    4799,
    594,
    1190,
    4826,
    5292,
    1210,
    517,
    3832,
    4781,
    657,
    1563,
    3815,
    542,
    3840,
    959,
    6033,
    6049,
    677,
    1241,
    734,
    667,
    809,
    7015,
    6544,
    6966,
    639,
    5352,
    744,
    6986,
    5371,
    6526,
    4864,
    649
  ],
  [
    6527,
    5328,
    1555,
    4782,
    1219,
    3784,
    1033,
    6948,
    4885,
    4827,
    5293,
    3034,
    1026,
    3742,
    1199,
    3841,
    1486,
    1230,
    3776,
    4901,
    5320,
    6976,
    2955
  ],
  [
    4828,
    3743,
    3701,
    6004,
    628,
    3720,
    6460,
    6949,
    3816,
    6528
  ]
]