[
  [
    7026,
    5634,
    3106,
    6557,
    2535,
    6637,
    7035,
    7070,
    2543,
    6627,
    7050,
    5608,
    6614,
    3006,
    7089,
    5951,
    1298,
    2163,
    6070,
    7107,
    7098,
    6603,
    2663,
    5495,
    6576,
    6105,
    5024,
    1593,
    6114,
    3906,
    2125,
    1610,
    3069,
    2133,
    2074
  ],
  [
    464,
    7108,
    7071,
    433,
    2644,
    700,
    612,
    6558,
    1045,
    3060,
    6071,
    1061,
    7036,
    6577,
    357,
    1271,
    5598,
    4985,
    5635
  ],
  [
    4955,
    7109,
    1873,
    3079,
    3930,
    4928,
    4998,
    7072
  ]
]