[
  [
    5384,
    6293,
    734,
    7015,
    1587,
    4887,
    5861,
    1284,
    5844,
    2396,
    1241,
    5403,
    3840,
    3832,
    827,
    837,
    5872,
    657,
    845,
    5883,
    1044,
    809,
    3784,
    1052,
    1814,
    6275,
    3077,
    6041,
    5797,
    639,
    4914,
    687,
    2405,
    5360,
    724,
    5412,
    744,
    5371
  ],
  [
    1219,
    3821,
    1230,
    5798,
    1555,
    3025,
    4901,
    5320,
    4827,
    4915,
    3841,
    5385,
    2997,
    2374,
    2989,
    4845,
    2955,
    5328,
    4856,
    5853,
    2385,
    3813
  ],
  [
    6999,
    5340,
    4893,
    6284,
    1367,
    2884,
    3701,
    6528
  ],
  [
    4937
  ]
]