[
  [
    2232,
    2243,
    5212,
    699,
    6676,
    2882,
    6222,
    6195,
    2838,
    1522,
    2866,
    327,
    6693,
    1549,
    269,
    4735,
    441,
    243,
    3718,
    1713,
    337,
    6657,
    188,
    2748,
    5643,
    6214,
    5201,
    2287,
    287,
    3699,
    4113,
    2279,
    297,
    225
  ],
  [
    2573,
    4076,
    1343,
    1327,
    4085,
    2814,
    3719,
    6196,
    3680,
    2849,
    6685,
    2883,
    5235,
    3700,
    3688,
    1354,
    6658,
    3532,
    3382,
    4678,
    5177
  ],
  [
    2260,
    3615,
    3553,
    6176,
    4129,
    6659,
    4473,
    2215,
    1700,
    6187,
    1679,
    5751,
    2788
  ],
  [
    1649,
    4095,
    4148,
    1657
  ],
  [
    4259,
    4400
  ]
]