[
  [
    1308,
    4374,
    90,
    46,
    3302,
    3431,
    4515,
    1621,
    4244,
    3277,
    1032,
    4334,
    4524,
    20,
    4349,
    1409,
    98,
    4270,
    1365,
    215,
    30,
    4319,
    4217,
    281,
    3138,
    989,
    4435,
    4413,
    1677,
    4398,
    432,
    38,
    10,
    1013,
    4422,
    4462,
    4547,
    1025,
    4285,
    4495,
    1004,
    2213,
    3262,
    4300,
    3234,
    3457,
    356,
    3468,
    4184,
    3219,
    4033,
    0
  ],
  [
    1622,
    1309,
    4271,
    3432,
    4375,
    4218,
    4350,
    4320,
    4185,
    3220,
    3446,
    2214,
    4555,
    3479,
    4525,
    4301,
    4389,
    4286,
    1366,
    990,
    3278,
    4335,
    3235,
    3139,
    4068,
    3263,
    3303,
    4399,
    4245
  ],
  [
    4376,
    4272,
    4526,
    4351,
    4336,
    4321,
    4287
  ]
]