[
  [
    5412,
    809,
    5844,
    1814,
    7015,
    639,
    837,
    6293,
    5371,
    5836,
    5403,
    2396,
    3014,
    724,
    5891,
    5384,
    774,
    2405,
    827,
    845,
    649,
    4887,
    1587,
    6275,
    5872,
    799,
    594,
    5883,
    566,
    894,
    677,
    5797,
    5861,
    705
  ],
  [
    5828,
    2997,
    2374,
    1230,
    5798,
    3025,
    2363,
    5385,
    4856,
    3034,
    5360,
    3813,
    4901,
    4845,
    5853,
    2980
  ],
  [
    6999,
    2884,
    4893,
    713,
    5294,
    6284,
    2385,
    4783,
    5340,
    1367,
    2931
  ],
  [
    4937
  ],
  [
    1806
  ],
  [
    1133
  ]
]