[
  [
    1437,
    4977,
    3077,
    6369,
    6399,
    4945,
    5033,
    6323,
    4914,
    5902,
    6783,
    6842,
    754,
    3955,
    6736,
    507,
    5512,
    2991,
    2443,
    2105,
    6418,
    6390,
    4887,
    3821,
    6814,
    6791,
    969,
    1456,
    6754,
    6341,
    4968,
    7185,
    3928,
    6358,
    1604,
    6799
  ],
  [
    2944,
    3052,
    3813,
    1862,
    6737,
    3929,
    1464,
    1448,
    1426,
    6800,
    3956,
    2416,
    1833,
    5903,
    2454,
    4915,
    6772,
    3917,
    5420,
    3096,
    6755,
    3078,
    2424,
    1846,
    2475,
    1825,
    6324
  ],
  [
    5386,
    6756,
    6303,
    6350,
    6738,
    1798,
    3763,
    4888,
    4916,
    6325,
    6801,
    5904,
    5431,
    5916
  ],
  [
    5815,
    5523
  ]
]