[
  [
    6603,
    1084,
    7070,
    6105,
    6614,
    5523,
    6576,
    5478,
    6557,
    7089,
    7107,
    6114,
    1610,
    1282,
    7035,
    1263,
    914,
    7026,
    1074,
    6089,
    6122,
    7050,
    2074,
    5959,
    6070,
    6131,
    6595,
    1593,
    3117,
    4996,
    6648,
    6627,
    6097,
    1290,
    7098,
    5495,
    5608
  ],
  [
    700,
    1271,
    7108,
    4997,
    433,
    7071,
    1252,
    2467,
    3106,
    6071,
    7036,
    6577,
    4985,
    3876,
    3060,
    6558
  ],
  [
    4998,
    6559,
    6578,
    7037,
    4928,
    4955,
    7060,
    7109,
    7072
  ]
]