[
  [
    764,
    799,
    3815,
    6814,
    6791,
    4977,
    6323,
    969,
    6825,
    6390,
    6754,
    6275,
    904,
    6842,
    4953,
    677,
    3928,
    886,
    6358,
    865,
    3014,
    6399,
    713,
    7170,
    5033,
    5927,
    7185,
    2443,
    5512,
    1456,
    6293,
    6799,
    922,
    6736,
    3955,
    1437,
    6369,
    932,
    950
  ],
  [
    3956,
    1833,
    3884,
    6800,
    2944,
    3096,
    1448,
    2454,
    1464,
    6737,
    6772,
    4954,
    6755,
    4885,
    6324,
    3929,
    2435
  ],
  [
    2931,
    3035,
    3842,
    3763,
    6801,
    4916,
    5340,
    6350,
    6756,
    5431,
    1798,
    6738,
    6303
  ],
  [
    6314,
    5815
  ]
]