[
  [
    2866,
    297,
    5751,
    3511,
    6214,
    699,
    5080,
    1713,
    337,
    287,
    2287,
    6657,
    4735,
    441,
    1987,
    6222,
    6676,
    2252,
    106,
    1530,
    4582,
    6195,
    188,
    2243,
    6693,
    269,
    2838,
    225,
    2882,
    3699,
    3651,
    1549,
    4207,
    4050,
    327
  ],
  [
    3570,
    2883,
    3532,
    4113,
    6658,
    2506,
    4176,
    6196,
    1327,
    3700,
    1343,
    2700,
    4076,
    1354,
    6685,
    4016,
    3688,
    1668,
    3680,
    5235
  ],
  [
    4563,
    6187,
    1700,
    3553,
    4473,
    2215,
    3615,
    5643,
    6197,
    6176,
    1679,
    2260,
    6659
  ],
  [
    4678,
    1649,
    1657,
    4095
  ],
  [
    4259,
    3631,
    4400
  ]
]