[
  [
    5283,
    2524,
    370,
    4725,
    6238,
    441,
    170,
    1052,
    2344,
    2608,
    497,
    5222,
    5201,
    398,
    5551,
    6851,
    1044,
    3718,
    2911,
    408,
    1520,
    5532,
    3699,
    6256,
    5781,
    1060,
    5771,
    1162,
    2336,
    3662,
    4746,
    6874,
    3733,
    337,
    4773,
    235,
    6002,
    552,
    6025
  ],
  [
    2874,
    2919,
    4760,
    5533,
    6875,
    3719,
    1138,
    6439,
    4747,
    1121,
    1946,
    3391,
    6264,
    3700,
    6239,
    2633,
    5789,
    6852,
    2849,
    6003,
    2015
  ],
  [
    1679,
    2857,
    1511,
    1310,
    2215,
    4699,
    6240,
    2319,
    1926
  ],
  [
    5259
  ]
]