[
  [
    3613,
    5131,
    4444,
    4667,
    1694,
    3581,
    2562,
    1132,
    106,
    4167,
    5714,
    6165,
    162,
    5117,
    3602,
    1636,
    4637,
    3592,
    527,
    5662,
    196,
    2750,
    6150,
    5651,
    204,
    4648,
    5147,
    2317,
    261,
    611,
    3371,
    419,
    4435,
    4656
  ],
  [
    6151,
    2181,
    3651,
    5703,
    4176,
    5139,
    2189,
    2318,
    3162,
    2171,
    3190,
    5080,
    2252,
    5118,
    3614,
    2205,
    2573,
    5673,
    5681,
    528,
    5155,
    2586,
    1668,
    2553
  ],
  [
    2731,
    2775,
    2805,
    2197,
    2700,
    2751,
    2764,
    5119,
    4364,
    5072,
    3570,
    3319
  ],
  [
    4246,
    3511,
    3362,
    4041
  ]
]