[
  [
    2535,
    2663,
    2674,
    5633,
    1585,
    2143,
    2133,
    2115,
    2104,
    5568,
    5625,
    2153,
    5598,
    1602,
    5587,
    6637,
    5617,
    2543,
    2085,
    2125,
    2163,
    1103,
    6139
  ],
  [
    420,
    1045,
    2419,
    960,
    357,
    282,
    877,
    2644,
    794,
    553,
    464,
    2093,
    2652,
    349,
    5569,
    1061,
    442,
    216
  ],
  [
    3930,
    529,
    4998,
    6578,
    6072,
    6559,
    3079,
    5570
  ]
]