[
  [
    1987,
    6676,
    337,
    699,
    5643,
    225,
    6195,
    2882,
    6214,
    4637,
    1977,
    4563,
    2866,
    253,
    287,
    6222,
    2608,
    4113,
    269,
    4735,
    2287,
    5692,
    6657,
    3362,
    235,
    6693,
    327,
    4207,
    1512,
    1713,
    243,
    441,
    3353
  ],
  [
    3688,
    1327,
    6658,
    6685,
    5139,
    1354,
    3532,
    2573,
    1882,
    2814,
    6196,
    4085,
    1343,
    2883,
    3640,
    4678,
    3153,
    2506,
    2269,
    5235
  ],
  [
    6187,
    1906,
    5119,
    3631,
    6197,
    1623,
    5751,
    2788,
    6176,
    1700,
    2751,
    3319,
    3553
  ],
  [
    1657,
    4095,
    1649,
    4688
  ],
  [
    1935,
    4400,
    4259
  ]
]