[
  [
    46,
    2213,
    4184,
    1365,
    0,
    4217,
    4319,
    3989,
    4270,
    432,
    4349,
    4422,
    4285,
    1621,
    1308,
    215,
    30,
    3468,
    4244,
    4515,
    54,
    356,
    1013,
    4547,
    4495,
    90,
    3138,
    10,
    4413,
    281,
    4374,
    4524,
    3234,
    1004,
    3219,
    4334,
    3431,
    4300,
    989,
    1409,
    38,
    4435,
    98,
    20,
    3277,
    4453,
    4462,
    3457,
    4398,
    1032,
    1025
  ],
  [
    1622,
    3990,
    3432,
    1366,
    4506,
    4525,
    3235,
    3479,
    3278,
    990,
    4245,
    4301,
    4271,
    4350,
    4286,
    4555,
    4335,
    2214,
    3220,
    4218,
    4185,
    3139,
    4375,
    1309,
    4389,
    4320,
    4399
  ],
  [
    4287,
    4376,
    4272,
    4336,
    4351,
    3991,
    4321
  ]
]