[
  [
    656,
    4860,
    7071,
    405,
    387,
    4829,
    2063,
    464,
    6145,
    7037,
    1125,
    2423,
    3949,
    1955,
    507,
    305,
    4821,
    541,
    2095,
    2393,
    369,
    3352,
    112,
    1564,
    7056,
    6587,
    3930,
    751,
    4883,
    2574,
    1144,
    1220,
    5322,
    315,
    4870,
    252,
    3060
  ],
  [
    2160,
    3931,
    6146,
    3803,
    2262,
    2993,
    7057,
    3546,
    6160,
    1572,
    2424,
    4830,
    5632,
    1933,
    5882,
    3744
  ],
  [
    4831,
    3022,
    2425,
    5292,
    1750,
    7058,
    2358
  ]
]