[
  [
    2317,
    4648,
    132,
    152,
    3592,
    5131,
    196,
    5714,
    3613,
    106,
    1636,
    3602,
    2207,
    180,
    527,
    5188,
    261,
    5117,
    5651,
    6150,
    1737,
    3581,
    4667,
    5147,
    6165,
    2838,
    5692,
    5662,
    162,
    3181,
    5723,
    611,
    419,
    204
  ],
  [
    2318,
    5080,
    1738,
    4539,
    3651,
    2553,
    3614,
    2252,
    5139,
    2189,
    5673,
    6151,
    2181,
    5681,
    5168,
    3190,
    1668,
    528,
    2586,
    5703,
    2171,
    5118,
    5155,
    4656
  ],
  [
    2700,
    2751,
    3570,
    2197,
    2764,
    5072,
    2731,
    4364,
    5119,
    2805,
    2775,
    4113
  ],
  [
    4246,
    4041,
    3511,
    5643,
    3362,
    4207
  ]
]