[
  [
    5277,
    1537,
    7122,
    3162,
    1132,
    6238,
    1162,
    6720,
    2269,
    7152,
    3342,
    3171,
    1399,
    7141,
    388,
    3422,
    441,
    1775,
    5771,
    2825,
    3353,
    1564,
    783,
    5248,
    2049,
    6701,
    5222,
    5257,
    6728,
    2608,
    1530,
    5201,
    362,
    370,
    2911
  ],
  [
    2355,
    7161,
    6702,
    6239,
    7123,
    2708,
    1788,
    5258,
    2573,
    1756,
    1408,
    1388,
    2205,
    2298,
    1380,
    2309,
    3153,
    2919
  ],
  [
    4060,
    4628,
    4024,
    2344,
    2756,
    7124,
    5259,
    4231,
    5742,
    3279,
    6703,
    3304,
    4593
  ],
  [
    1726,
    6230,
    5762
  ],
  [
    1335,
    4158
  ],
  [
    6152
  ]
]