[
  [
    6560,
    7300,
    1004,
    976,
    6502,
    921,
    6953,
    3341,
    6968,
    5536,
    6053,
    6934,
    6474,
    676,
    7020,
    6904,
    5570,
    7003,
    2493,
    3200,
    3408,
    6923,
    6091,
    2448,
    6465,
    986,
    6072,
    1507,
    6482,
    6521,
    996,
    6992,
    6493,
    4292,
    6530,
    5512,
    6510,
    4273,
    4952,
    6004
  ],
  [
    2501,
    1837,
    6905,
    4281,
    3330,
    1494,
    2723,
    6954,
    1883,
    6935,
    1867,
    6054,
    6026,
    5379,
    3069,
    6561,
    1551,
    5537,
    833,
    6034,
    6042,
    6969,
    4311
  ],
  [
    5414,
    4143,
    5484,
    1485,
    6906,
    6936,
    6970,
    4939,
    6432,
    5950,
    1875,
    855,
    3070,
    6955
  ],
  [
    2153
  ]
]