-15.0,54.10285876392419,
-14.0,54.098779223652684,
-11.0,54.17866341114955,
-11.0,54.19829695281087,
-5.0,54.760336146202484,
-5.0,55.044950621570734,
-5.0,55.044950621570734,
-4.0,54.736557179565416,
-3.0,54.72652960235029,
-2.0,54.46773345970602,
-2.0,54.6580714566427,
micro
0.0,0.0,-1.296682120783E12,
0.0,0.0,-1.296682120464E12,
0.0,0.0,-1.296682120464E12,
0.0,0.0,-1.296682120464E12,
0.0,0.0,-1.296682119788E12,
0.0,0.0,-1.296682119788E12,
0.0,0.0,-1.296682119561E12,
0.0,0.0,-1.296682119561E12,
0.0,0.0,-1.296682119561E12,
0.0,0.0,-1.296682119561E12,
macro
-2.0,53.92169867432508,
-2.0,54.15688027427785,
-1.0,53.2761925955248,
-1.0,53.8499577757805,
-1.0,54.027374039298586,
-1.0,54.15096990084814,
-1.0,54.330802980053804,
-1.0,54.333783610724026,
-1.0,54.37227985910802,
-1.0,54.49775994721669,
-1.0,54.50264372330019,
micro
0.0,0.0,-1.296683893679E12,
0.0,0.0,-1.296683880529E12,
0.0,0.0,-1.296683880529E12,
0.0,0.0,-1.296683841256E12,
0.0,0.0,-1.296683841256E12,
0.0,0.0,-1.296683841256E12,
0.0,0.0,-1.296683841256E12,
0.0,0.0,-1.296683841256E12,
0.0,0.0,-1.296683841256E12,
0.0,0.0,-1.296683836314E12,
macro
-1.0,53.47097801933586,
-1.0,53.548945620587624,
-1.0,53.55341824518679,
-1.0,53.55341824518679,
-1.0,53.55341824518679,
-1.0,53.554710042242796,
-1.0,53.56498805931857,
-1.0,53.59064000904575,
-1.0,53.59193180610175,
-1.0,53.59439401102931,
-1.0,53.600600290945735,
micro
0.0,0.0,-1.296685774394E12,
0.0,0.0,-1.296685774394E12,
0.0,0.0,-1.296685774394E12,
0.0,0.0,-1.296685774394E12,
0.0,0.0,-1.296685770475E12,
0.0,0.0,-1.296685770475E12,
0.0,0.0,-1.296685770475E12,
0.0,0.0,-1.29668574511E12,
0.0,0.0,-1.29668574511E12,
0.0,0.0,-1.296685718415E12,
macro
-2.0,51.454354499457416,
-2.0,51.454354499457416,
-2.0,51.454354499457416,
-2.0,51.53721101979868,
-2.0,51.8126107435501,
-2.0,51.819773221077824,
-2.0,51.819773221077824,
-2.0,51.823362502207104,
-2.0,51.823362502207104,
-2.0,51.842182639200885,
-2.0,51.842182639200885,
micro
0.0,0.0,-1.296687577091E12,
0.0,0.0,-1.296687577091E12,
0.0,0.0,-1.296687559935E12,
0.0,0.0,-1.296687541345E12,
0.0,0.0,-1.296687514152E12,
0.0,0.0,-1.296687512175E12,
0.0,0.0,-1.296687491267E12,
0.0,0.0,-1.296687491267E12,
0.0,0.0,-1.296687491267E12,
0.0,0.0,-1.296687466677E12,
macro
-2.0,49.4925252634697,
-2.0,49.52209042772104,
-2.0,49.52209042772104,
-2.0,49.52209042772104,
-2.0,49.52209042772104,
-2.0,49.523198078381704,
-2.0,49.66407640469237,
-2.0,49.74865558093019,
-2.0,49.75823679307019,
-2.0,49.76798924638375,
-2.0,49.76873516007975,
micro
-4.0,-2.0,-1.296689424575E12,
-4.0,-2.0,-1.296689383238E12,
-3.0,-1.0,-1.296689401396E12,
-3.0,-1.0,-1.296689401396E12,
-3.0,-1.0,-1.296689380546E12,
-3.0,-1.0,-1.296689347002E12,
-3.0,-1.0,-1.296689347002E12,
-3.0,-1.0,-1.296689347002E12,
-3.0,-1.0,-1.296689347002E12,
-3.0,-1.0,-1.296689347002E12,
macro
-3.0,46.78062994222581,
-3.0,46.8319983760558,
-3.0,46.93401064152541,
-3.0,47.077543891264526,
-3.0,47.08657707428831,
-3.0,47.08657707428831,
-3.0,47.11546099750763,
-3.0,47.12045496589719,
-3.0,47.12214862553385,
-3.0,47.13044027801008,
-3.0,47.16122844447452,
micro
-3.0,-2.0,-1.296691177136E12,
-3.0,-2.0,-1.296691126363E12,
-3.0,-2.0,-1.296691126363E12,
-3.0,-2.0,-1.296691117726E12,
-3.0,-2.0,-1.296691117726E12,
-3.0,-2.0,-1.296691100184E12,
-3.0,-2.0,-1.296691100184E12,
-3.0,-2.0,-1.296691100184E12,
-3.0,-2.0,-1.296691100184E12,
-3.0,-2.0,-1.296691100184E12,
macro
-3.0,44.74539335438281,
-3.0,44.74539335438281,
-3.0,44.74539335438281,
-3.0,44.75131372943103,
-3.0,44.75886691640459,
-3.0,44.75890220992081,
-3.0,44.76643864228259,
-3.0,44.76643864228259,
-3.0,44.766473935798814,
-3.0,44.76804402487059,
-3.0,44.76804402487059,
micro
-3.0,-1.0,-1.296693094768E12,
-3.0,-1.0,-1.296693036603E12,
-3.0,-1.0,-1.296693036603E12,
-3.0,-1.0,-1.296693003893E12,
-3.0,-1.0,-1.296693003893E12,
-3.0,-1.0,-1.296693003893E12,
-3.0,-1.0,-1.296693003893E12,
-3.0,-1.0,-1.296692962597E12,
-3.0,-1.0,-1.296692962597E12,
-3.0,-1.0,-1.296692962597E12,
macro
-3.0,42.461604862268224,
-3.0,42.473334456501334,
-3.0,42.473334456501334,
-3.0,42.473334456501334,
-3.0,42.54239954242756,
-3.0,42.54239954242756,
-3.0,42.54239954242756,
-3.0,42.55001584466623,
-3.0,42.587943964710234,
-3.0,42.587943964710234,
-3.0,42.587943964710234,
micro
-3.0,-4.0,-1.296694739439E12,
-3.0,-4.0,-1.296694711377E12,
-3.0,-4.0,-1.296694708304E12,
-3.0,-4.0,-1.296694708304E12,
-3.0,-4.0,-1.296694708304E12,
-3.0,-4.0,-1.296694708304E12,
-3.0,-4.0,-1.296694708304E12,
-3.0,-4.0,-1.29669470034E12,
-3.0,-4.0,-1.296694693438E12,
-3.0,-4.0,-1.296694693438E12,
macro
-3.0,39.36109749671457,
-3.0,39.420220389421644,
-3.0,39.4307296441392,
-3.0,39.4307296441392,
-3.0,39.483548999754305,
-3.0,39.49846169143009,
-3.0,39.49846169143009,
-3.0,39.49846169143009,
-3.0,39.514974269597644,
-3.0,39.514974269597644,
-3.0,39.51838129642831,
micro
-3.0,-9.0,-1.296696535578E12,
-3.0,-9.0,-1.296696525421E12,
-3.0,-9.0,-1.296696511919E12,
-3.0,-9.0,-1.296696511919E12,
-3.0,-9.0,-1.296696511919E12,
-3.0,-9.0,-1.296696507978E12,
-3.0,-9.0,-1.296696507978E12,
-3.0,-9.0,-1.296696491827E12,
-3.0,-9.0,-1.296696491827E12,
-3.0,-9.0,-1.296696491827E12,
macro
-4.0,36.87112181591591,
-4.0,36.91646773189496,
-4.0,36.92990795767318,
-4.0,37.052972896903846,
-4.0,37.06204596986696,
-4.0,37.06204596986696,
-4.0,37.06204596986696,
-4.0,37.06204596986696,
-4.0,37.06204596986696,
micro
-4.0,-9.0,-1.296698394153E12,
-4.0,-9.0,-1.296698393385E12,
-4.0,-9.0,-1.296698393385E12,
-4.0,-9.0,-1.296698393385E12,
-4.0,-9.0,-1.296698393385E12,
-4.0,-9.0,-1.296698393385E12,
-4.0,-9.0,-1.296698393385E12,
-4.0,-9.0,-1.296698393385E12,
-4.0,-9.0,-1.296698393385E12,
-4.0,-9.0,-1.296698393201E12,
macro
-4.0,34.069387881499665,
-4.0,34.069387881499665,
-4.0,34.099894972947,
-4.0,34.099894972947,
-4.0,34.099894972947,
-4.0,34.099894972947,
-4.0,34.099894972947,
micro
-9.0,-6.0,-1.29670028533E12,
-9.0,-6.0,-1.296700232387E12,
-9.0,-6.0,-1.296700214035E12,
-9.0,-6.0,-1.296700186252E12,
-9.0,-6.0,-1.296700186252E12,
-9.0,-6.0,-1.296700170305E12,
-9.0,-6.0,-1.296700163471E12,
-9.0,-6.0,-1.296700150552E12,
-9.0,-6.0,-1.296700150552E12,
-9.0,-6.0,-1.296700133862E12,
macro
-10.0,30.482826737205716,
-10.0,30.58556992206616,
-10.0,30.59065308649085,
-10.0,30.59181408412974,
-10.0,30.59181408412974,
-10.0,30.59181408412974,
-10.0,30.59181408412974,
-10.0,30.59181408412974,
micro
-15.0,-5.0,-1.296702022717E12,
-15.0,-5.0,-1.2967020119E12,
-15.0,-5.0,-1.296701953852E12,
-15.0,-5.0,-1.296701953852E12,
-15.0,-5.0,-1.296701953852E12,
-15.0,-5.0,-1.296701953852E12,
-15.0,-5.0,-1.2967019426E12,
-15.0,-5.0,-1.2967019426E12,
-15.0,-5.0,-1.2967019426E12,
-15.0,-5.0,-1.296701929063E12,
macro
-15.0,27.670302382443626,
-15.0,27.670302382443626,
-15.0,27.670302382443626,
-15.0,27.670302382443626,
-15.0,27.670302382443626,
micro
-15.0,0.0,-1.296703539606E12,
-15.0,0.0,-1.296703474483E12,
-15.0,0.0,-1.296703474483E12,
-15.0,0.0,-1.296703474483E12,
-15.0,0.0,-1.296703474483E12,
-15.0,0.0,-1.296703430009E12,
-15.0,0.0,-1.296703430009E12,
-15.0,0.0,-1.296703430009E12,
-15.0,0.0,-1.296703430009E12,
-15.0,0.0,-1.296703430009E12,
macro
-15.0,25.506390076815062,
-15.0,25.506390076815062,
-15.0,25.506390076815062,
-15.0,25.506390076815062,
-15.0,25.506390076815062,
micro
-15.0,0.0,-1.296703430009E12,
-15.0,0.0,-1.296703430009E12,
-15.0,0.0,-1.296703430009E12,
-15.0,0.0,-1.296703430009E12,
macro
-15.0,25.506390076815066,
-15.0,25.506390076815066,
-15.0,25.506390076815066,
-15.0,25.506390076815066,
-15.0,25.506390076815066,
micro
-15.0,0.0,-1.296703430009E12,
-15.0,0.0,-1.296703430009E12,
-15.0,0.0,-1.296703430009E12,
-15.0,0.0,-1.296703430009E12,
macro
-15.0,25.506390076815066,
-15.0,25.506390076815066,
-15.0,25.506390076815066,
-15.0,25.506390076815066,
-15.0,25.506390076815066,
micro
-15.0,0.0,-1.296703430009E12,
-15.0,0.0,-1.296703430009E12,
-15.0,0.0,-1.296703430009E12,
-15.0,0.0,-1.296703430009E12,
macro
-15.0,25.506390076815066,
-15.0,25.506390076815066,
-15.0,25.506390076815066,
-15.0,25.506390076815066,
-15.0,25.506390076815066,
micro
-15.0,0.0,-1.296703430009E12,
-15.0,0.0,-1.296703430009E12,
-15.0,0.0,-1.296703430009E12,
-15.0,0.0,-1.296703430009E12,
macro
