[
  [
    6986,
    6506,
    4807,
    2055,
    4864,
    5352,
    5310,
    6966,
    558,
    1210,
    809,
    667,
    744,
    657,
    6947,
    5371,
    1190,
    649,
    507,
    4799,
    2966,
    1241,
    3832,
    6997,
    6517,
    705,
    4826,
    5292,
    594,
    639,
    4781,
    6049,
    4887,
    959,
    6544,
    1563,
    1574,
    4875,
    6526,
    6033,
    734,
    6041,
    566
  ],
  [
    1033,
    1555,
    6948,
    4782,
    3784,
    6527,
    5293,
    1766,
    3776,
    6998,
    2967,
    1199,
    5328,
    6976,
    2955,
    1219,
    4827,
    2066,
    1486,
    5320,
    1230,
    3813
  ],
  [
    2884,
    6949,
    3701,
    628,
    1367,
    6004,
    5294,
    6528,
    1026,
    3743
  ]
]