[
  [
    809,
    7015,
    2396,
    5891,
    827,
    1458,
    1604,
    5384,
    5872,
    705,
    1814,
    5403,
    5883,
    6293,
    3014,
    5371,
    1587,
    724,
    845,
    677,
    5797,
    4885,
    894,
    799,
    594,
    837,
    5412,
    649,
    6275,
    5360,
    5844,
    2405,
    5861,
    5836
  ],
  [
    2997,
    3025,
    5385,
    4856,
    2385,
    4845,
    2374,
    5798,
    2047,
    5853,
    1230,
    3034,
    2363,
    5828,
    4901
  ],
  [
    6284,
    2884,
    4783,
    1367,
    4893,
    2931,
    5294,
    5386,
    5340,
    6999
  ],
  [
    4937
  ],
  [
    1806
  ]
]