[
  [
    1798,
    5978,
    1074,
    865,
    2646,
    4887,
    6410,
    1846,
    819,
    3854,
    1854,
    1862,
    5459,
    886,
    5486,
    950,
    6399,
    5512,
    3865,
    5969,
    4953,
    1284,
    6418,
    3006,
    5523,
    5916,
    5015,
    932,
    3970,
    3821,
    5940,
    4996,
    764,
    5504,
    5467,
    1298,
    1833,
    4945
  ],
  [
    7171,
    2989,
    1464,
    3792,
    4997,
    456,
    5986,
    2435,
    4954,
    2475,
    6314,
    1053,
    3947,
    3813,
    2486,
    2497,
    1873,
    6380,
    3069
  ],
  [
    7172,
    6834,
    5446,
    3957,
    5799,
    5024,
    6801,
    4888,
    4916,
    3803,
    2968
  ],
  [
    5951
  ]
]