[
  [
    4569,
    104,
    2017,
    1087,
    1701,
    4624,
    3363,
    28,
    3642,
    4583,
    4383,
    74,
    4496,
    3416,
    54,
    36,
    64,
    2076,
    1440,
    1076,
    0,
    1069,
    1044,
    4592,
    2667,
    4368,
    3605,
    3257,
    1061,
    4353,
    4534,
    10,
    18,
    3435,
    4402,
    4417,
    3627,
    236,
    4519,
    94,
    4053,
    1405,
    171,
    46,
    360,
    2261
  ],
  [
    4012,
    4662,
    4654,
    4625,
    4354,
    4403,
    4480,
    2077,
    4520,
    3364,
    4593,
    4384,
    1441,
    3614,
    4369,
    4570,
    3258,
    1406,
    3643,
    2668,
    3436,
    3417,
    4560,
    4497,
    2018,
    1045,
    4418,
    1702,
    4444
  ],
  [
    4419,
    4370,
    4404,
    4594,
    4385,
    4606,
    3633
  ]
]