[
  [
    2443,
    5444,
    6814,
    5902,
    7185,
    6323,
    4968,
    922,
    6783,
    687,
    1806,
    1284,
    594,
    5927,
    713,
    5891,
    6736,
    855,
    6369,
    6358,
    2363,
    6791,
    754,
    5033,
    969,
    3955,
    3928,
    3815,
    1456,
    6754,
    6390,
    1587,
    1437,
    940,
    2105,
    979,
    6825,
    7170,
    6842,
    6341,
    6799
  ],
  [
    3893,
    6800,
    4976,
    1426,
    1825,
    2989,
    6755,
    2944,
    6324,
    3917,
    3884,
    6737,
    5903,
    6772,
    5445,
    3929,
    5420,
    4885,
    2454,
    3096,
    3052,
    3956,
    3078,
    2424,
    1448
  ],
  [
    6756,
    6303,
    6738,
    6350,
    5904,
    2931,
    4828,
    3816,
    6325,
    5431
  ],
  [
    1418
  ]
]