-16.0,-54.76883930703926,
-10.0,-54.04663727170258,
-8.0,-54.25280634395231,
-7.0,-53.83413719513973,
-6.0,-54.18651990980882,
-5.0,-53.703980933924335,
-4.0,-53.972659559453554,
-4.0,-53.96302767137836,
-4.0,-53.96302767137836,
-3.0,-53.593110390093216,
-3.0,-53.34460029437445,
micro
0.0,-2.0,-1.296682156793E12,
0.0,-2.0,-1.296682156793E12,
0.0,-2.0,-1.296682156793E12,
0.0,-2.0,-1.296682156793E12,
0.0,-2.0,-1.296682156793E12,
0.0,-2.0,-1.296682156793E12,
0.0,-2.0,-1.296682156793E12,
0.0,-2.0,-1.296682156689E12,
0.0,-2.0,-1.296682156689E12,
0.0,-2.0,-1.296682156689E12,
macro
-3.0,-52.6211248077284,
-3.0,-52.22661847686923,
-3.0,-52.112215496657065,
-3.0,-52.03684241938226,
-3.0,-51.764252498774646,
-3.0,-51.54621814707187,
-2.0,-52.239078039732355,
-2.0,-51.93916684998946,
-2.0,-51.73761481190143,
-2.0,-51.50042241563746,
-2.0,-51.381109652911654,
micro
0.0,0.0,-1.296683884757E12,
0.0,0.0,-1.296683884132E12,
0.0,0.0,-1.296683866681E12,
0.0,0.0,-1.296683866681E12,
0.0,0.0,-1.296683866681E12,
0.0,0.0,-1.296683866681E12,
0.0,0.0,-1.296683851131E12,
0.0,0.0,-1.296683851131E12,
0.0,0.0,-1.296683836974E12,
0.0,0.0,-1.296683836974E12,
macro
-2.0,-51.31106292910408,
-2.0,-51.23071768427455,
-2.0,-51.2048070270255,
-2.0,-51.04940669259443,
-2.0,-51.00953732249299,
-2.0,-50.898812160934376,
-2.0,-50.898812160934376,
-2.0,-50.898812160934376,
-2.0,-50.89153984370105,
-2.0,-50.715459633564606,
-2.0,-50.66278182203632,
micro
0.0,0.0,-1.296685853899E12,
0.0,0.0,-1.29668584772E12,
0.0,0.0,-1.29668584772E12,
0.0,0.0,-1.296685833426E12,
0.0,0.0,-1.296685803565E12,
0.0,0.0,-1.296685803565E12,
0.0,0.0,-1.296685803565E12,
0.0,0.0,-1.296685803565E12,
0.0,0.0,-1.296685791111E12,
0.0,0.0,-1.296685791111E12,
macro
-3.0,-48.72895483013261,
-3.0,-48.72809739694743,
-3.0,-48.68659654772503,
-3.0,-48.68659654772503,
-3.0,-48.664286282739596,
-3.0,-48.6362506558907,
-3.0,-48.61230135878127,
-3.0,-48.61035584929682,
-3.0,-48.60896286448727,
-3.0,-48.60896286448727,
-3.0,-48.60896286448727,
micro
0.0,0.0,-1.296687555485E12,
0.0,0.0,-1.296687555485E12,
0.0,0.0,-1.29668754146E12,
0.0,0.0,-1.296687516666E12,
0.0,0.0,-1.296687516666E12,
0.0,0.0,-1.296687516666E12,
0.0,0.0,-1.296687516666E12,
0.0,0.0,-1.296687508481E12,
0.0,0.0,-1.296687508481E12,
0.0,0.0,-1.296687494481E12,
macro
-3.0,-46.767978912783704,
-3.0,-46.65836753615019,
-3.0,-46.53045378979408,
-3.0,-46.49161329018542,
-3.0,-46.450733522598085,
-3.0,-46.450733522598085,
-3.0,-46.449037356309645,
-3.0,-46.447621857745645,
-3.0,-46.44575923676031,
-3.0,-46.44575923676031,
-3.0,-46.44575923676031,
micro
-7.0,-4.0,-1.29668939033E12,
-7.0,-4.0,-1.29668939033E12,
-5.0,-2.0,-1.296689411164E12,
-5.0,-2.0,-1.296689365543E12,
-5.0,-2.0,-1.296689365543E12,
-5.0,-2.0,-1.296689365543E12,
-4.0,-1.0,-1.296689394022E12,
-4.0,-1.0,-1.296689394022E12,
-4.0,-1.0,-1.296689394022E12,
-4.0,-1.0,-1.296689394022E12,
macro
-4.0,-44.246178364016025,
-4.0,-44.242464441877125,
-4.0,-44.12631235506371,
-4.0,-43.99829332817416,
-4.0,-43.96306227728491,
-4.0,-43.957908907889355,
-4.0,-43.95535559549291,
-4.0,-43.95535559549291,
-4.0,-43.95535559549291,
-4.0,-43.95535559549291,
-4.0,-43.95535559549291,
micro
-4.0,0.0,-1.296691123135E12,
-4.0,0.0,-1.296691123135E12,
-4.0,0.0,-1.296691114488E12,
-4.0,0.0,-1.296691114488E12,
-4.0,0.0,-1.296691102101E12,
-4.0,0.0,-1.296691102101E12,
-4.0,0.0,-1.296691102101E12,
-4.0,0.0,-1.296691102101E12,
-4.0,0.0,-1.296691096577E12,
-4.0,0.0,-1.296691096577E12,
macro
-4.0,-41.80538914350251,
-4.0,-41.72673586274437,
-4.0,-41.72673586274437,
-4.0,-41.72673586274437,
-4.0,-41.72673586274437,
-4.0,-41.72673586274437,
micro
-4.0,-2.0,-1.296692979901E12,
-4.0,-2.0,-1.296692954826E12,
-4.0,-2.0,-1.296692951824E12,
-4.0,-2.0,-1.29669291626E12,
-4.0,-2.0,-1.29669291626E12,
-4.0,-2.0,-1.29669291626E12,
-4.0,-2.0,-1.296692888686E12,
-4.0,-2.0,-1.296692888686E12,
-4.0,-2.0,-1.296692888686E12,
-4.0,-2.0,-1.296692888686E12,
macro
-4.0,-39.75490933446596,
-4.0,-39.75490933446596,
-4.0,-39.754221655223155,
-4.0,-39.73305347473822,
-4.0,-39.73305347473822,
-4.0,-39.73305347473822,
-4.0,-39.72108034442223,
-4.0,-39.72108034442223,
-4.0,-39.72108034442223,
-4.0,-39.72108034442223,
-4.0,-39.72108034442223,
micro
-4.0,-2.0,-1.296694788399E12,
-4.0,-2.0,-1.296694735794E12,
-4.0,-2.0,-1.296694735794E12,
-4.0,-2.0,-1.296694733428E12,
-4.0,-2.0,-1.296694704272E12,
-4.0,-2.0,-1.296694704272E12,
-4.0,-2.0,-1.296694699056E12,
-4.0,-2.0,-1.296694699056E12,
-4.0,-2.0,-1.296694692122E12,
-4.0,-2.0,-1.296694692122E12,
macro
-4.0,-37.09388554427023,
-4.0,-37.09388554427023,
-4.0,-37.09342333675418,
-4.0,-37.09342333675418,
-4.0,-37.09342333675418,
-4.0,-37.09342333675418,
-4.0,-37.09342333675418,
micro
-4.0,-3.0,-1.296696485193E12,
-4.0,-3.0,-1.296696485193E12,
-4.0,-3.0,-1.296696445831E12,
-4.0,-3.0,-1.296696407678E12,
-4.0,-3.0,-1.296696407678E12,
-4.0,-3.0,-1.296696407678E12,
-4.0,-3.0,-1.296696407678E12,
-4.0,-3.0,-1.296696407678E12,
-4.0,-3.0,-1.296696407678E12,
-4.0,-3.0,-1.296696382676E12,
macro
-4.0,-35.19693614942815,
-4.0,-35.16673380415021,
-4.0,-35.16673380415021,
-4.0,-35.16673380415021,
-4.0,-35.16673380415021,
-4.0,-35.16673380415021,
micro
-4.0,-5.0,-1.296698339039E12,
-4.0,-5.0,-1.296698306916E12,
-4.0,-5.0,-1.296698306916E12,
-4.0,-5.0,-1.296698303902E12,
-4.0,-5.0,-1.296698303084E12,
-4.0,-5.0,-1.296698286241E12,
-4.0,-5.0,-1.296698286241E12,
-4.0,-5.0,-1.296698286241E12,
-4.0,-5.0,-1.296698262563E12,
-4.0,-5.0,-1.296698254622E12,
macro
-5.0,-32.47248866792558,
-5.0,-32.47248866792558,
-5.0,-32.47248866792558,
-5.0,-32.47248866792558,
-5.0,-32.47248866792558,
micro
-10.0,-6.0,-1.296700241087E12,
-9.0,-5.0,-1.296700192026E12,
-8.0,-4.0,-1.296700307239E12,
-8.0,-4.0,-1.296700276645E12,
-8.0,-4.0,-1.296700276645E12,
-7.0,-3.0,-1.296700360429E12,
-7.0,-3.0,-1.296700255681E12,
-7.0,-3.0,-1.29670023227E12,
-7.0,-3.0,-1.29670023227E12,
-7.0,-3.0,-1.29670023227E12,
macro
-7.0,-29.20090312544853,
-7.0,-29.20090312544853,
-7.0,-29.20090312544853,
-7.0,-29.20090312544853,
-7.0,-29.20090312544853,
micro
-15.0,-2.0,-1.296701971086E12,
-15.0,-2.0,-1.29670195912E12,
-15.0,-2.0,-1.296701949376E12,
-15.0,-2.0,-1.29670194873E12,
-15.0,-2.0,-1.296701947348E12,
-15.0,-2.0,-1.296701941987E12,
-15.0,-2.0,-1.296701928617E12,
-15.0,-2.0,-1.296701928617E12,
-15.0,-2.0,-1.296701896963E12,
-15.0,-2.0,-1.296701896963E12,
macro
-15.0,-26.83091178043604,
-15.0,-26.792467257369374,
-15.0,-26.792467257369374,
-15.0,-26.792467257369374,
-15.0,-26.792467257369374,
-15.0,-26.792467257369374,
micro
-15.0,0.0,-1.296703126793E12,
-15.0,0.0,-1.296703126793E12,
-15.0,0.0,-1.296703126619E12,
-15.0,0.0,-1.296703043559E12,
-15.0,0.0,-1.296703043559E12,
-15.0,0.0,-1.296703043559E12,
-15.0,0.0,-1.296703043559E12,
-15.0,0.0,-1.296703043559E12,
-15.0,0.0,-1.296703043559E12,
-15.0,0.0,-1.296703043559E12,
macro
-15.0,-25.166115424303392,
-15.0,-25.166115424303392,
-15.0,-25.166115424303392,
-15.0,-25.166115424303392,
-15.0,-25.166115424303392,
micro
-15.0,0.0,-1.296703043559E12,
-15.0,0.0,-1.296703043559E12,
-15.0,0.0,-1.296703043559E12,
-15.0,0.0,-1.296703043559E12,
macro
-15.0,-25.166115424303392,
-15.0,-25.166115424303392,
-15.0,-25.166115424303392,
-15.0,-25.166115424303392,
-15.0,-25.166115424303392,
micro
-15.0,0.0,-1.296703043559E12,
-15.0,0.0,-1.296703043559E12,
-15.0,0.0,-1.296703043559E12,
-15.0,0.0,-1.296703043559E12,
macro
-15.0,-25.166115424303392,
-15.0,-25.166115424303392,
-15.0,-25.166115424303392,
-15.0,-25.166115424303392,
-15.0,-25.166115424303392,
micro
-15.0,0.0,-1.296703043559E12,
-15.0,0.0,-1.296703043559E12,
-15.0,0.0,-1.296703043559E12,
-15.0,0.0,-1.296703043559E12,
macro
-15.0,-25.166115424303392,
-15.0,-25.166115424303392,
-15.0,-25.166115424303392,
-15.0,-25.166115424303392,
-15.0,-25.166115424303392,
micro
-15.0,0.0,-1.296703043559E12,
-15.0,0.0,-1.296703043559E12,
-15.0,0.0,-1.296703043559E12,
-15.0,0.0,-1.296703043559E12,
macro
