[
  [
    989,
    2750,
    4547,
    2729,
    215,
    3989,
    1365,
    356,
    38,
    1677,
    3468,
    4285,
    281,
    4349,
    4033,
    4374,
    4184,
    2213,
    3302,
    0,
    432,
    4398,
    90,
    1308,
    1013,
    4453,
    3262,
    4319,
    4334,
    4244,
    1004,
    4300,
    3431,
    4217,
    4413,
    1025,
    62,
    1032,
    1621,
    10,
    3317,
    4444,
    4462,
    4270,
    4524,
    4435,
    98,
    30,
    4422,
    3219,
    46
  ],
  [
    4525,
    1622,
    2730,
    4245,
    3220,
    3303,
    4399,
    4335,
    3263,
    4218,
    4506,
    4555,
    990,
    2214,
    4185,
    4271,
    4350,
    3990,
    3446,
    4286,
    1678,
    4389,
    1366,
    4375,
    1309,
    3432,
    4320,
    3479,
    3318
  ],
  [
    4336,
    4351,
    4376,
    3991,
    4321,
    4287
  ]
]