[
  [
    6736,
    6390,
    886,
    6323,
    865,
    1456,
    7185,
    3077,
    724,
    2363,
    7170,
    5902,
    6358,
    2991,
    6842,
    6369,
    1044,
    3955,
    6791,
    4887,
    6341,
    5512,
    2105,
    713,
    5033,
    754,
    2443,
    969,
    6825,
    4968,
    6783,
    6814,
    3821,
    5891,
    6754,
    6799,
    5853,
    1437,
    3928
  ],
  [
    6755,
    3078,
    2944,
    5420,
    1448,
    1825,
    2424,
    5320,
    2374,
    6800,
    3096,
    6324,
    6737,
    4976,
    3813,
    1426,
    1846,
    3956,
    3929,
    3052,
    2454,
    5903,
    6772
  ],
  [
    3842,
    6303,
    4783,
    2931,
    6325,
    5916,
    1833,
    4888,
    6756,
    6350,
    5904,
    6284,
    4828,
    4916,
    5431,
    6738
  ],
  [
    3763,
    1418
  ],
  [
    5815
  ]
]