[
  [
    3219,
    46,
    4524,
    4547,
    356,
    3277,
    4349,
    4319,
    90,
    989,
    4285,
    4515,
    1013,
    1308,
    3138,
    3431,
    1365,
    4270,
    1004,
    4244,
    4184,
    38,
    4462,
    1621,
    4398,
    10,
    3468,
    4374,
    4495,
    215,
    2213,
    0,
    1032,
    20,
    1409,
    4217,
    432,
    4033,
    4422,
    2207,
    1025,
    4334,
    3302,
    4413,
    3234,
    1677,
    3457,
    4300,
    30,
    3262,
    4435
  ],
  [
    990,
    4185,
    4525,
    3220,
    4539,
    2214,
    4301,
    4335,
    1622,
    4555,
    4245,
    3263,
    4271,
    3278,
    4375,
    3479,
    4320,
    3235,
    4218,
    3303,
    1309,
    3139,
    1366,
    3432,
    4389,
    4399,
    4286,
    3446,
    4350
  ],
  [
    4336,
    4272,
    4526,
    4376,
    4287,
    4321,
    4351
  ]
]