[
  [
    441,
    1522,
    6657,
    269,
    5188,
    243,
    699,
    1530,
    6195,
    297,
    287,
    5201,
    1512,
    225,
    2279,
    3699,
    6222,
    3718,
    337,
    5139,
    4637,
    3371,
    2882,
    2232,
    2838,
    2287,
    2243,
    5168,
    2562,
    2866,
    1713,
    327,
    6214,
    6676,
    4735,
    6693,
    4016,
    4678
  ],
  [
    3688,
    4176,
    1354,
    6196,
    1327,
    3719,
    2573,
    6658,
    3640,
    2205,
    2269,
    4085,
    5235,
    1343,
    3532,
    6685,
    3700,
    2814,
    2883
  ],
  [
    2215,
    3615,
    3319,
    1679,
    3553,
    4129,
    6176,
    5751,
    3304,
    6197,
    6659,
    4246,
    1700,
    6187,
    4473
  ],
  [
    4095,
    1649,
    1657
  ],
  [
    4259,
    4400
  ]
]