[
  [
    6544,
    1210,
    4864,
    876,
    6488,
    6966,
    6033,
    1574,
    2966,
    4826,
    6526,
    6947,
    1834,
    6517,
    6506,
    667,
    4875,
    3815,
    809,
    6041,
    1241,
    5292,
    6049,
    4781,
    2418,
    1563,
    558,
    3832,
    1190,
    2055,
    6997,
    959,
    6986,
    5559,
    5310,
    734,
    639,
    657
  ],
  [
    4782,
    6998,
    1230,
    3763,
    5328,
    2967,
    6976,
    6527,
    4827,
    3755,
    1486,
    1555,
    5320,
    6948,
    3776,
    2955,
    1219,
    5293,
    1033,
    1199,
    4885
  ],
  [
    3701,
    6949,
    6004,
    5534,
    3720,
    1367,
    1739,
    5815,
    628,
    3743,
    5294,
    4807,
    6528
  ],
  [
    2066
  ]
]