[
  [
    4484,
    3171,
    114,
    4198,
    62,
    4121,
    4167,
    70,
    3201,
    54,
    2750,
    5053,
    455,
    80,
    5106,
    2691,
    4612,
    4453,
    3317,
    2207,
    3551,
    152,
    3181,
    2311,
    4604,
    4571,
    3292,
    3978,
    122,
    142,
    3989,
    5089,
    2682,
    4444,
    132,
    348,
    2786,
    3501,
    2299,
    2729,
    3519
  ],
  [
    2787,
    3210,
    4539,
    4008,
    3402,
    2721,
    3128,
    3990,
    5054,
    5097,
    4506,
    2730,
    4104,
    4620,
    3318,
    4138,
    1678
  ],
  [
    4186,
    3236,
    3221,
    3991,
    3140,
    4219,
    3433,
    3264
  ]
]