[
  [
    180,
    3613,
    3602,
    6165,
    5131,
    196,
    3332,
    6150,
    106,
    5117,
    162,
    5723,
    4515,
    5147,
    419,
    243,
    152,
    3581,
    5188,
    261,
    1512,
    4648,
    2317,
    4667,
    5692,
    5662,
    1636,
    527,
    3181,
    3682,
    3262,
    611,
    3592,
    5714,
    3201,
    204,
    2838,
    5651,
    441
  ],
  [
    3190,
    3651,
    1668,
    3614,
    2586,
    5703,
    5139,
    5118,
    5080,
    2318,
    3402,
    1738,
    3263,
    2814,
    6151,
    2171,
    5673,
    4656,
    2181,
    2553,
    528,
    5681,
    2189,
    5155,
    2252
  ],
  [
    5119,
    2764,
    4364,
    2751,
    2775,
    2731,
    5072,
    2197,
    2805
  ],
  [
    3511,
    3362,
    4207,
    4246
  ]
]