[
  [
    38,
    3989,
    4349,
    4217,
    4244,
    1013,
    1004,
    356,
    432,
    1365,
    1025,
    1621,
    3317,
    4413,
    4462,
    90,
    4285,
    4374,
    30,
    4319,
    4300,
    1308,
    4444,
    281,
    215,
    10,
    1032,
    98,
    20,
    4435,
    2213,
    3431,
    4398,
    2207,
    2729,
    80,
    4184,
    989,
    4167,
    4453,
    4033,
    4334,
    4270,
    4495,
    0,
    62,
    3219,
    54,
    46
  ],
  [
    2214,
    4506,
    1309,
    4286,
    1366,
    4399,
    3220,
    4301,
    3479,
    4104,
    2730,
    4185,
    3432,
    4375,
    4271,
    4335,
    4245,
    3990,
    1622,
    4350,
    4008,
    4218,
    990,
    4389,
    4320
  ],
  [
    3433,
    4321,
    4186,
    4287,
    4219,
    4351,
    4336,
    4376,
    3991
  ]
]