[
  [
    7122,
    1775,
    5257,
    5277,
    106,
    783,
    4129,
    7141,
    2825,
    1713,
    6728,
    4176,
    6720,
    7152,
    1765,
    1530,
    5731,
    362,
    6238,
    6701,
    5212,
    6214,
    2260,
    2838,
    1399,
    463,
    4050,
    388,
    2243,
    2279,
    2049,
    2866,
    2269
  ],
  [
    1380,
    3162,
    1388,
    2708,
    1756,
    6239,
    2355,
    1788,
    1408,
    3413,
    7161,
    2309,
    6702,
    7123,
    4085,
    6264,
    5258,
    4148,
    3662,
    3382,
    4076
  ],
  [
    2756,
    3553,
    7124,
    6197,
    4024,
    4628,
    4593,
    5742,
    4231,
    3304,
    6703,
    4060,
    3279,
    3264
  ],
  [
    1726,
    6230,
    5762
  ],
  [
    1335,
    4158
  ],
  [
    6152
  ]
]