[
  [
    6936,
    6916,
    620,
    1503,
    1168,
    479,
    576,
    507,
    1427,
    6889,
    6488,
    602,
    2617,
    4707,
    6016,
    6866,
    317,
    1547,
    6447,
    6458,
    2597,
    517,
    1977,
    1475,
    1906,
    6497,
    2929,
    489,
    2418,
    3741,
    6033,
    6473,
    5559,
    307,
    469,
    6060,
    1520,
    6897,
    6927
  ],
  [
    2006,
    1528,
    2039,
    1160,
    3680,
    1179,
    2930,
    1964,
    6898,
    6474,
    1149,
    2625,
    3755,
    6459,
    4815,
    3742
  ],
  [
    6876,
    1739,
    1310,
    4748,
    991,
    6429,
    6899,
    5534,
    6853,
    6475,
    6439
  ],
  [
    1495,
    1511
  ],
  [
    1917
  ]
]