[
  [
    2857,
    5551,
    2006,
    6851,
    6025,
    6936,
    6497,
    4781,
    170,
    6002,
    1893,
    1052,
    6473,
    6866,
    3640,
    1427,
    1168,
    489,
    1060,
    1882,
    6927,
    6060,
    6897,
    6916,
    1906,
    6458,
    576,
    2418,
    5559,
    5275,
    876,
    602,
    2966,
    3741,
    620,
    2617,
    1547,
    1997,
    1044,
    1475
  ],
  [
    1179,
    4707,
    6459,
    2039,
    1149,
    6003,
    1528,
    6898,
    3755,
    1121,
    6852,
    4782,
    2625,
    2967,
    2055,
    3742,
    3680,
    6474
  ],
  [
    6475,
    6429,
    2597,
    1964,
    6853,
    4807,
    5534,
    6460,
    6899,
    1695,
    6876
  ],
  [
    2066,
    1495
  ],
  [
    1917
  ]
]