[
  [
    7122,
    1694,
    5277,
    1775,
    378,
    3662,
    2269,
    7141,
    1399,
    7152,
    552,
    783,
    3181,
    388,
    3353,
    1162,
    6701,
    5248,
    6720,
    1537,
    4773,
    362,
    3631,
    1564,
    5257,
    4746,
    2049,
    3292,
    1530,
    2825,
    6238,
    370,
    463,
    6728,
    398,
    4050
  ],
  [
    1788,
    1764,
    2355,
    7123,
    2708,
    2874,
    6239,
    1388,
    1756,
    5258,
    2919,
    2506,
    4760,
    7161,
    4176,
    1408,
    2309,
    1380,
    4747,
    6702
  ],
  [
    6197,
    2756,
    3304,
    4231,
    5119,
    7124,
    6703,
    4024,
    4593,
    3279,
    5742
  ],
  [
    6230,
    1726
  ],
  [
    1335,
    4158
  ],
  [
    6152
  ]
]