[
  [
    4285,
    4374,
    4033,
    1677,
    4121,
    4398,
    3978,
    38,
    4184,
    3431,
    3989,
    46,
    4413,
    4422,
    4300,
    10,
    1013,
    4495,
    432,
    4571,
    3468,
    4444,
    90,
    20,
    30,
    4349,
    0,
    2207,
    70,
    1621,
    4334,
    4453,
    4217,
    215,
    1365,
    4435,
    4547,
    989,
    4319,
    3138,
    1308,
    4524,
    3234,
    2750,
    356,
    3219,
    1025,
    1004,
    1409,
    4270,
    4244,
    1032,
    3457
  ],
  [
    4271,
    4301,
    4185,
    3990,
    4539,
    4350,
    1366,
    3220,
    4399,
    4484,
    4375,
    4525,
    3479,
    4389,
    4286,
    4245,
    4218,
    3235,
    1309,
    4335,
    1622,
    3432,
    4320,
    4555,
    990,
    1678
  ],
  [
    4272,
    4351,
    4336,
    3991,
    4526,
    4287,
    4376
  ]
]