[
  [
    5532,
    1427,
    1906,
    2911,
    1946,
    5551,
    552,
    370,
    6256,
    253,
    497,
    1052,
    1893,
    6851,
    5731,
    2336,
    4716,
    6441,
    5781,
    6874,
    1060,
    6025,
    378,
    2344,
    1977,
    408,
    6002,
    4773,
    2524,
    398,
    5283,
    793,
    3733,
    1044,
    235,
    4746,
    5177,
    2849,
    3672,
    2028
  ],
  [
    1121,
    2633,
    4747,
    5789,
    6875,
    1955,
    4725,
    2901,
    6852,
    2015,
    2919,
    5533,
    1014,
    6003,
    1511,
    4760,
    2309,
    1764,
    1997
  ],
  [
    1310,
    991,
    1739,
    2319,
    1623,
    2857,
    1926,
    1679,
    6240,
    2788,
    6264,
    5259
  ]
]