[
  [
    2066,
    5861,
    5403,
    1241,
    517,
    3014,
    5844,
    845,
    7015,
    5872,
    4914,
    2405,
    5797,
    5836,
    1587,
    809,
    2396,
    1563,
    5412,
    5384,
    4875,
    724,
    1044,
    894,
    827,
    774,
    6293,
    2991,
    6275,
    5883,
    3815,
    1814,
    639,
    837,
    6041,
    799,
    5360
  ],
  [
    3025,
    1026,
    1230,
    2374,
    4856,
    4885,
    2997,
    4845,
    5798,
    4901,
    2980,
    2385,
    4915,
    5828,
    5385,
    5320
  ],
  [
    2884,
    4893,
    5294,
    6284,
    5340,
    6528,
    6999,
    1367,
    3701
  ],
  [
    4937
  ],
  [
    1806
  ]
]