[
  [
    5844,
    1814,
    5403,
    894,
    774,
    7015,
    5352,
    724,
    4914,
    649,
    827,
    3784,
    2405,
    5412,
    845,
    3815,
    855,
    5797,
    6275,
    754,
    5384,
    5338,
    4799,
    705,
    594,
    677,
    5883,
    566,
    6293,
    5836,
    2991,
    687,
    5861,
    3033,
    3840,
    764,
    3014,
    799,
    744,
    5872,
    5371,
    507,
    5891
  ],
  [
    4885,
    5828,
    3025,
    4856,
    2997,
    4915,
    4845,
    2374,
    1026,
    3841,
    5360,
    4901,
    2363,
    5385,
    5798,
    2980,
    3034
  ],
  [
    5386,
    2884,
    6999,
    6284,
    3816,
    4783,
    2931,
    4893,
    2385
  ],
  [
    4937
  ],
  [
    1806
  ]
]