[
  [
    574,
    1131,
    506,
    3094,
    2174,
    524,
    6921,
    6934,
    396,
    6903,
    591,
    3104,
    1528,
    6037,
    6535,
    5573,
    226,
    1554,
    3917,
    6048,
    6512,
    1650,
    1103,
    3030,
    534,
    6503,
    2094,
    6881,
    544,
    6960,
    844,
    6492,
    1486,
    754,
    2134,
    6945,
    2677,
    406,
    6083,
    423,
    6526,
    637,
    1510,
    5582,
    6074,
    496,
    255
  ],
  [
    755,
    3105,
    1690,
    1122,
    2074,
    6084,
    3918,
    1139,
    1147,
    2711,
    6946,
    3031,
    1333,
    6513,
    1586,
    1024,
    1070,
    2112,
    2183,
    6049
  ],
  [
    5282,
    6947,
    6109,
    5291,
    6050,
    3723,
    1812
  ]
]