[
  [
    1520,
    6060,
    5551,
    1168,
    6447,
    6927,
    3741,
    6916,
    6897,
    576,
    6458,
    6866,
    6473,
    1808,
    6889,
    489,
    1138,
    620,
    1427,
    1052,
    2617,
    1044,
    5559,
    2911,
    6497,
    6033,
    3733,
    370,
    6936,
    602,
    2418,
    1547,
    1060,
    1964,
    4716,
    469,
    479,
    2028
  ],
  [
    3755,
    2625,
    3742,
    6898,
    2919,
    6459,
    1536,
    5275,
    1179,
    1130,
    4815,
    6474,
    1475,
    1160,
    2039,
    1997,
    1528
  ],
  [
    5534,
    4748,
    1926,
    4807,
    6853,
    3720,
    6899,
    6460,
    2300,
    6429,
    6475
  ],
  [
    2066,
    1495
  ],
  [
    1917,
    1026
  ]
]