[
  [
    1013,
    4285,
    1365,
    4515,
    4349,
    4033,
    4547,
    46,
    4270,
    989,
    1677,
    3219,
    4422,
    1308,
    2213,
    4462,
    4435,
    1032,
    1004,
    2207,
    4217,
    4495,
    4374,
    30,
    4524,
    4413,
    3234,
    215,
    90,
    356,
    3468,
    4184,
    4300,
    432,
    38,
    3302,
    3431,
    0,
    20,
    3262,
    4244,
    4334,
    10,
    3277,
    3138,
    3457,
    1621,
    4319,
    4398,
    1025
  ],
  [
    1366,
    4286,
    4271,
    3278,
    4335,
    3446,
    3235,
    3432,
    3220,
    4389,
    4350,
    4525,
    4320,
    4539,
    3303,
    990,
    4375,
    4399,
    3139,
    3263,
    2214,
    4185,
    3479,
    4245,
    1309,
    4555,
    1622,
    4301,
    4218
  ],
  [
    4526,
    4272,
    4321,
    4376,
    4351,
    4287,
    4336
  ]
]