[
  [
    5857,
    6973,
    4885,
    2194,
    4867,
    3904,
    1956,
    2459,
    1541,
    711,
    7006,
    5846,
    516,
    3972,
    692,
    682,
    4850,
    654,
    5046,
    702,
    2443,
    5334,
    3132,
    5315,
    6552,
    7020,
    6995,
    6578,
    6984,
    6589,
    4840,
    5829,
    6560,
    1729,
    1077,
    833,
    609,
    2703,
    4856,
    1711,
    5302,
    813
  ],
  [
    6561,
    1677,
    3991,
    7007,
    5821,
    5316,
    1703,
    4868,
    1207,
    1158,
    4906,
    1720,
    1180,
    3133,
    5353,
    7029,
    3896,
    3973,
    1895,
    5858,
    5562,
    1577,
    3022
  ],
  [
    6085,
    6562,
    1199,
    5859,
    7008,
    1856,
    3919,
    6514,
    2926,
    6098
  ]
]