[
  [
    3468,
    5053,
    4612,
    114,
    3501,
    4620,
    2311,
    3201,
    152,
    4571,
    122,
    3302,
    2682,
    142,
    4444,
    455,
    4008,
    3292,
    4167,
    348,
    3317,
    4604,
    2750,
    3457,
    80,
    3978,
    132,
    4462,
    3171,
    3181,
    3519,
    2786,
    4068,
    3551,
    5089,
    3543,
    2691,
    4121,
    70
  ],
  [
    3210,
    4138,
    4582,
    4198,
    3402,
    2787,
    4484,
    4271,
    5106,
    5097,
    4320,
    3332,
    5054,
    3303,
    4104,
    3318,
    2721,
    3128
  ],
  [
    4351,
    3264,
    5055,
    4526,
    4219,
    3433,
    4336,
    3140,
    4321,
    3221,
    3236,
    4272
  ]
]