[
  [
    297,
    2344,
    1946,
    5248,
    408,
    497,
    1503,
    5532,
    5781,
    4746,
    5222,
    552,
    235,
    3699,
    398,
    3672,
    4773,
    5283,
    3718,
    5771,
    2336,
    2524,
    5201,
    4725,
    6256,
    1906,
    337,
    6874,
    170,
    6851,
    6002
  ],
  [
    3700,
    4760,
    5789,
    6875,
    2633,
    2874,
    2901,
    3391,
    1121,
    3719,
    2015,
    6852,
    6025,
    1149,
    6016,
    4747,
    6439,
    1955,
    6003,
    1014,
    5533,
    2006,
    2849
  ],
  [
    6240,
    2215,
    1679,
    3615,
    1511,
    2319,
    4699,
    6876,
    991,
    1739,
    1005,
    2857,
    1310,
    2597
  ],
  [
    3640,
    5259,
    4707
  ]
]