[
  [
    4604,
    5053,
    2750,
    3302,
    2691,
    54,
    2786,
    3501,
    3262,
    2729,
    4484,
    114,
    3519,
    142,
    1694,
    2299,
    3234,
    455,
    3138,
    3181,
    4612,
    3277,
    2682,
    1737,
    152,
    122,
    1025,
    132,
    348,
    4068,
    3551,
    3201,
    4198,
    3171,
    62,
    80,
    3978,
    4167,
    5089,
    3292
  ],
  [
    4104,
    3303,
    2787,
    3552,
    4008,
    3332,
    2730,
    5054,
    1738,
    4620,
    1678,
    3210,
    3249,
    3139,
    5097,
    3128,
    3263,
    3422,
    4138,
    3278,
    3235
  ],
  [
    3264,
    3236,
    4186,
    3221,
    5055,
    3140,
    3433,
    4219
  ]
]