[
  [
    5902,
    6390,
    6799,
    1604,
    6825,
    2443,
    6754,
    932,
    2105,
    1284,
    3955,
    6791,
    886,
    5033,
    5927,
    914,
    2980,
    904,
    6736,
    5444,
    1456,
    876,
    6358,
    7185,
    865,
    5891,
    5512,
    4953,
    3014,
    1437,
    3928,
    1052,
    6323,
    950,
    1044,
    6814,
    979,
    6842,
    922,
    4887,
    7170,
    3854,
    894,
    6341
  ],
  [
    6755,
    6772,
    4976,
    2454,
    2944,
    5328,
    5320,
    6800,
    5903,
    6324,
    4954,
    2989,
    713,
    3929,
    6737,
    3917,
    3956,
    2435,
    5420,
    3078,
    3096,
    5445,
    3884,
    1846,
    3813,
    1426,
    1448,
    3052
  ],
  [
    3035,
    5386,
    4783,
    2931,
    6350,
    1833,
    6801,
    6756,
    6303,
    4916,
    3842,
    4828,
    6738,
    5431
  ],
  [
    3763
  ]
]