[
  [
    7212,
    2626,
    5716,
    6727,
    6749,
    2636,
    1284,
    6708,
    2583,
    2795,
    1655,
    1341,
    6231,
    3392,
    7228,
    6781,
    6716,
    5680,
    2602,
    2806,
    5094,
    2646,
    6792,
    6738,
    6200,
    2593,
    6209
  ],
  [
    445,
    435,
    1682,
    2814,
    296,
    370,
    1108,
    465,
    1671,
    1120,
    752,
    552,
    958,
    2195,
    2223
  ],
  [
    7257,
    6263,
    4337,
    2514,
    6764,
    5653,
    3221
  ]
]