[
  [
    5168,
    3613,
    106,
    196,
    5131,
    4648,
    5147,
    419,
    3592,
    1737,
    3602,
    5723,
    1636,
    5651,
    4656,
    5714,
    261,
    4667,
    2317,
    527,
    5117,
    611,
    5662,
    5692,
    3581,
    2261,
    6150,
    204,
    162,
    5188,
    6165
  ],
  [
    5673,
    2553,
    2181,
    2318,
    3651,
    1668,
    3153,
    2189,
    2586,
    5118,
    5080,
    3190,
    5703,
    3614,
    5139,
    2252,
    1738,
    3552,
    528,
    3249,
    5681,
    6151,
    5155,
    2171,
    4148
  ],
  [
    2700,
    2731,
    2775,
    4113,
    5072,
    2197,
    2805,
    4186,
    3570,
    5119,
    2751,
    2764,
    4364
  ],
  [
    3511,
    4246,
    4207,
    4041,
    3362
  ],
  [
    4016
  ]
]