[
  [
    2213,
    98,
    989,
    3989,
    2207,
    4300,
    4184,
    20,
    1308,
    4547,
    38,
    4515,
    4398,
    215,
    4349,
    3277,
    4270,
    4033,
    4374,
    3431,
    4334,
    4524,
    1677,
    432,
    2729,
    4435,
    1013,
    4285,
    1621,
    3234,
    1004,
    3262,
    1365,
    10,
    90,
    4413,
    1032,
    3219,
    4422,
    30,
    4217,
    62,
    0,
    54,
    4453,
    356,
    3138,
    4244,
    1025,
    4495,
    281,
    4319,
    46
  ],
  [
    4555,
    2214,
    4301,
    4525,
    3446,
    2730,
    1678,
    4286,
    3235,
    3432,
    1622,
    4506,
    3263,
    4218,
    4335,
    1366,
    3139,
    4350,
    4389,
    3220,
    3479,
    4539,
    990,
    4375,
    3278,
    3990,
    4185,
    4399,
    4245,
    1309
  ],
  [
    3991,
    4287,
    4376
  ]
]