[
  [
    894,
    744,
    837,
    3014,
    7015,
    3840,
    5403,
    2396,
    5338,
    594,
    1587,
    6293,
    774,
    5891,
    5797,
    724,
    5883,
    3784,
    5861,
    5872,
    5412,
    5844,
    5360,
    1284,
    3033,
    876,
    5384,
    2405,
    2955,
    4875,
    6275,
    1814,
    4887,
    764,
    827,
    799,
    845,
    5836,
    677
  ],
  [
    5339,
    4901,
    4845,
    2989,
    3841,
    5853,
    1026,
    2374,
    5798,
    5828,
    2385,
    2363,
    2997,
    3034,
    3821,
    3025,
    3813,
    5385,
    2980,
    4856
  ],
  [
    6284,
    5340,
    6999,
    3743,
    4893,
    713
  ],
  [
    4937
  ],
  [
    1806
  ]
]