[
  [
    4184,
    4033,
    20,
    4524,
    30,
    4547,
    38,
    1308,
    4349,
    1025,
    215,
    3431,
    432,
    4444,
    4571,
    4285,
    0,
    281,
    4319,
    10,
    4515,
    4300,
    3989,
    90,
    4422,
    4462,
    4217,
    1621,
    4334,
    1004,
    356,
    4413,
    2213,
    3317,
    46,
    3468,
    4374,
    989,
    4244,
    4270,
    3219,
    3457,
    98,
    4398,
    1409,
    1677,
    1013,
    1365,
    4453,
    1032,
    4435
  ],
  [
    1309,
    2214,
    3479,
    4245,
    3446,
    4286,
    4301,
    4389,
    1622,
    4399,
    4525,
    3318,
    4506,
    4320,
    3220,
    3990,
    4185,
    4375,
    990,
    1366,
    4271,
    4555,
    3432,
    4335,
    4218,
    4350
  ],
  [
    4351,
    3991,
    4287,
    4321,
    4272,
    4376,
    4336,
    4526
  ]
]