[
  [
    6818,
    6640,
    497,
    1230,
    957,
    4969,
    596,
    1241,
    6182,
    2438,
    2152,
    7122,
    7133,
    844,
    4920,
    4896,
    6653,
    7148,
    395,
    702,
    2512,
    6800,
    3234,
    6286,
    1628,
    740,
    686,
    6671,
    1636,
    7175,
    720,
    6689,
    515,
    1208,
    7156,
    413,
    7166
  ],
  [
    1088,
    6801,
    1195,
    7134,
    6654,
    6672,
    6169,
    2756,
    6690,
    4970,
    2513,
    5917,
    2458,
    3086,
    6287,
    5959,
    4897,
    4081,
    6610,
    1219,
    2171,
    1077,
    2394,
    6819,
    1647
  ],
  [
    6288,
    1062,
    1785,
    3003,
    4910,
    7135,
    5643,
    6802,
    6673,
    6820,
    6691,
    6170,
    5622,
    4898,
    1046,
    1407,
    6655
  ]
]