[
  [
    5643,
    6657,
    4563,
    699,
    1713,
    2232,
    1132,
    441,
    327,
    1522,
    243,
    4637,
    6195,
    3371,
    2041,
    5201,
    337,
    3718,
    235,
    2287,
    4735,
    2562,
    1765,
    6222,
    188,
    2866,
    2838,
    6693,
    225,
    2882,
    287,
    297,
    3699,
    269,
    6214,
    6676
  ],
  [
    3700,
    2205,
    2573,
    3532,
    6196,
    4085,
    1327,
    6685,
    3719,
    2883,
    5235,
    6658,
    3688,
    2814,
    2269,
    1692,
    4678,
    1354,
    1343
  ],
  [
    3304,
    6197,
    1700,
    3615,
    6176,
    3319,
    4473,
    1679,
    6187,
    2215,
    3553,
    6659,
    5751,
    4176,
    2788
  ],
  [
    1649,
    4095,
    1657
  ],
  [
    4259,
    4400
  ]
]