[
  [
    7185,
    6799,
    5512,
    4977,
    754,
    6791,
    6390,
    6341,
    3821,
    1437,
    5891,
    6358,
    6369,
    3854,
    6814,
    5459,
    6783,
    969,
    594,
    5033,
    6399,
    713,
    6825,
    6754,
    1456,
    3955,
    1806,
    5902,
    6736,
    5853,
    2443,
    4968,
    2363,
    6842,
    1284,
    6323,
    4945,
    3928
  ],
  [
    5903,
    1846,
    2475,
    2416,
    3078,
    1825,
    1862,
    2989,
    3052,
    1448,
    2424,
    2454,
    3956,
    6772,
    6800,
    6324,
    3917,
    3929,
    6737,
    3096,
    1464,
    2944,
    6755,
    1833
  ],
  [
    6756,
    5431,
    3763,
    6738,
    1798,
    6303,
    6801,
    5904,
    5916,
    4916,
    6325,
    6350,
    2931
  ],
  [
    5815
  ]
]