[
  [
    1399,
    1775,
    5277,
    3353,
    2269,
    552,
    7122,
    7152,
    6238,
    7141,
    6701,
    388,
    6728,
    337,
    5222,
    6256,
    2825,
    180,
    370,
    3292,
    3662,
    5212,
    5248,
    5257,
    3171,
    362,
    783,
    2506,
    6720,
    2911,
    2049
  ],
  [
    2355,
    1388,
    4148,
    6264,
    1756,
    2874,
    2849,
    7123,
    6239,
    2708,
    1408,
    2919,
    6702,
    7161,
    1997,
    3490,
    5258,
    1788,
    1380
  ],
  [
    4231,
    3304,
    2756,
    7124,
    4699,
    4024,
    4593,
    1926,
    2344,
    4302,
    4060,
    6703,
    3236,
    4628,
    5742,
    3279
  ],
  [
    1726,
    5259,
    5762,
    6230
  ],
  [
    1335,
    4158
  ]
]