[
  [
    3928,
    2363,
    2991,
    6791,
    5902,
    6842,
    5444,
    6825,
    1834,
    5033,
    6814,
    6783,
    950,
    5891,
    1437,
    7170,
    2443,
    932,
    969,
    922,
    6736,
    865,
    904,
    713,
    7185,
    6323,
    1604,
    687,
    4953,
    819,
    6369,
    6284,
    6754,
    979,
    3955,
    6358,
    5512,
    4968,
    6799,
    5927,
    5459,
    2105,
    4887,
    1456,
    6390
  ],
  [
    3917,
    6772,
    3893,
    1426,
    1862,
    3956,
    3763,
    2944,
    6737,
    6324,
    3929,
    6755,
    5903,
    2424,
    1448,
    3884,
    3052,
    2454,
    7171,
    3096,
    6800,
    4954,
    3813,
    5445
  ],
  [
    4888,
    6738,
    6303,
    5815,
    6801,
    5904,
    5340,
    1798,
    6756,
    6325,
    6350,
    5431
  ]
]