[
  [
    455,
    4167,
    4604,
    2691,
    3978,
    3317,
    2729,
    3501,
    3519,
    2786,
    5053,
    62,
    5106,
    4571,
    80,
    3201,
    2299,
    1694,
    3551,
    4008,
    4484,
    2682,
    4033,
    3171,
    1025,
    114,
    4068,
    3292,
    2750,
    1677,
    348,
    4612,
    152,
    3302,
    122,
    5089,
    3181,
    142,
    3543,
    4444
  ],
  [
    3318,
    3446,
    4620,
    4198,
    1678,
    5054,
    2787,
    3552,
    3249,
    5097,
    3210,
    3422,
    4104,
    4138,
    3332,
    3303,
    3128,
    2730
  ],
  [
    3140,
    3236,
    4526,
    3433,
    4219,
    4186,
    5055,
    3221
  ]
]