[
  [
    3815,
    1610,
    7070,
    7035,
    5608,
    6089,
    6557,
    6576,
    7050,
    6627,
    1282,
    1094,
    1263,
    6595,
    6131,
    6614,
    2074,
    7098,
    6105,
    7107,
    904,
    7026,
    1113,
    6122,
    5495,
    6648,
    6603,
    6070,
    5044,
    7089,
    1593,
    940,
    6114,
    6097
  ],
  [
    4885,
    1045,
    433,
    1252,
    3906,
    7071,
    3876,
    6577,
    7036,
    7108,
    4985,
    6071,
    6558,
    700,
    3060,
    357,
    1271
  ],
  [
    7060,
    6578,
    3079,
    3816,
    7072,
    4928,
    7037,
    3035,
    7109
  ]
]