[
  [
    469,
    479,
    6016,
    6866,
    1052,
    1547,
    576,
    4707,
    517,
    1997,
    602,
    1044,
    6447,
    2597,
    1168,
    1520,
    5559,
    307,
    6889,
    6916,
    6488,
    1458,
    6927,
    6936,
    542,
    6473,
    489,
    1977,
    2418,
    620,
    6458,
    6033,
    317,
    2929,
    6897,
    2028,
    2006,
    6060,
    2617,
    6497
  ],
  [
    2047,
    2039,
    6459,
    6898,
    1149,
    1014,
    1179,
    5275,
    1964,
    2625,
    2930,
    4815,
    6474,
    1160,
    1528,
    3680,
    1475,
    3755
  ],
  [
    4807,
    6429,
    6899,
    5534,
    6876,
    6439,
    6475,
    6853
  ],
  [
    1511,
    1495
  ],
  [
    1917
  ]
]