-13.0,22.0,
-9.0,6.0,
-7.0,11.0,
-5.0,9.0,
-5.0,67.0,
-4.0,69.0,
-3.0,14.0,
-2.0,3.0,
-2.0,8.0,
-2.0,8.0,
-2.0,8.0,
micro
0.0,-1.0,-1.29668213531E12,
0.0,-1.0,-1.29668213531E12,
0.0,-1.0,-1.29668213531E12,
0.0,-1.0,-1.296682121639E12,
0.0,-1.0,-1.296682121639E12,
0.0,-1.0,-1.296682121639E12,
0.0,-1.0,-1.296682120986E12,
0.0,-1.0,-1.29668212097E12,
0.0,-1.0,-1.29668212097E12,
0.0,-1.0,-1.29668212097E12,
macro
-3.0,21.0,
-2.0,6.0,
-2.0,14.0,
-1.0,6.0,
-1.0,6.0,
-1.0,14.0,
-1.0,14.0,
-1.0,14.0,
-1.0,14.0,
-1.0,14.0,
micro
0.0,0.0,-1.296683825644E12,
0.0,0.0,-1.296683825644E12,
0.0,0.0,-1.296683825644E12,
0.0,0.0,-1.296683812337E12,
0.0,0.0,-1.296683812337E12,
0.0,0.0,-1.296683802516E12,
0.0,0.0,-1.296683801009E12,
0.0,0.0,-1.296683801009E12,
0.0,0.0,-1.296683801009E12,
0.0,0.0,-1.296683801009E12,
macro
-1.0,14.0,
-1.0,14.0,
-1.0,14.0,
-1.0,14.0,
-1.0,14.0,
micro
0.0,0.0,-1.296685813418E12,
0.0,0.0,-1.296685764928E12,
0.0,0.0,-1.296685757144E12,
0.0,0.0,-1.296685757144E12,
0.0,0.0,-1.296685747716E12,
0.0,0.0,-1.296685730045E12,
0.0,0.0,-1.296685726212E12,
0.0,0.0,-1.296685722141E12,
0.0,0.0,-1.296685716539E12,
0.0,0.0,-1.296685698582E12,
macro
-2.0,81.0,
-2.0,81.0,
-2.0,81.0,
-2.0,81.0,
-2.0,81.0,
micro
0.0,0.0,-1.296687610857E12,
0.0,0.0,-1.296687600311E12,
0.0,0.0,-1.296687600311E12,
0.0,0.0,-1.296687564508E12,
0.0,0.0,-1.296687564508E12,
0.0,0.0,-1.296687564508E12,
0.0,0.0,-1.296687564508E12,
0.0,0.0,-1.296687527144E12,
0.0,0.0,-1.296687507638E12,
0.0,0.0,-1.296687507638E12,
macro
-2.0,24.0,
-2.0,24.0,
-2.0,24.0,
-2.0,24.0,
-2.0,24.0,
micro
-5.0,-3.0,-1.296689330811E12,
-4.0,-2.0,-1.296689592606E12,
-4.0,-2.0,-1.296689420776E12,
-3.0,-1.0,-1.296689426564E12,
-3.0,-1.0,-1.296689426564E12,
-3.0,-1.0,-1.296689376646E12,
-3.0,-1.0,-1.296689347885E12,
-3.0,-1.0,-1.296689347046E12,
-3.0,-1.0,-1.296689347046E12,
-2.0,0.0,-1.296689576866E12,
macro
-2.0,167.0,
-2.0,173.0,
-2.0,173.0,
-2.0,173.0,
-2.0,173.0,
-2.0,174.0,
-2.0,174.0,
-2.0,186.0,
-2.0,186.0,
-2.0,187.0,
-2.0,187.0,
micro
-2.0,-1.0,-1.296691245736E12,
-2.0,-1.0,-1.296691245736E12,
-2.0,-1.0,-1.296691221084E12,
-2.0,-1.0,-1.296691221084E12,
-2.0,-1.0,-1.296691221084E12,
-2.0,-1.0,-1.29669122033E12,
-2.0,-1.0,-1.296691216347E12,
-2.0,-1.0,-1.296691216347E12,
-2.0,-1.0,-1.29669120099E12,
-2.0,-1.0,-1.29669120099E12,
macro
-2.0,186.0,
-2.0,186.0,
-2.0,186.0,
-2.0,186.0,
-2.0,186.0,
micro
-2.0,0.0,-1.296693022288E12,
-2.0,0.0,-1.29669299057E12,
-2.0,0.0,-1.296692985688E12,
-2.0,0.0,-1.296692943944E12,
-2.0,0.0,-1.296692943944E12,
-2.0,0.0,-1.296692943944E12,
-2.0,0.0,-1.296692943944E12,
-2.0,0.0,-1.296692943944E12,
-2.0,0.0,-1.29669293816E12,
-2.0,0.0,-1.29669293816E12,
macro
-2.0,186.0,
-2.0,186.0,
-2.0,186.0,
-2.0,186.0,
-2.0,186.0,
micro
-2.0,-2.0,-1.296694707619E12,
-2.0,-2.0,-1.296694707619E12,
-2.0,-2.0,-1.296694674806E12,
-2.0,-2.0,-1.296694674806E12,
-2.0,-2.0,-1.296694671863E12,
-2.0,-2.0,-1.296694670946E12,
-2.0,-2.0,-1.296694670946E12,
-2.0,-2.0,-1.296694670946E12,
-2.0,-2.0,-1.296694670946E12,
-2.0,-2.0,-1.296694670946E12,
macro
-2.0,191.0,
-2.0,191.0,
-2.0,191.0,
-2.0,191.0,
-2.0,193.0,
-2.0,193.0,
-2.0,193.0,
-2.0,193.0,
-2.0,193.0,
micro
-2.0,-4.0,-1.296696594236E12,
-2.0,-4.0,-1.296696519958E12,
-2.0,-4.0,-1.296696519958E12,
-2.0,-4.0,-1.296696519958E12,
-2.0,-4.0,-1.296696519958E12,
-2.0,-4.0,-1.296696498566E12,
-2.0,-4.0,-1.296696482483E12,
-2.0,-4.0,-1.296696477863E12,
-2.0,-4.0,-1.296696470004E12,
-2.0,-4.0,-1.296696448047E12,
macro
-2.0,162.0,
-2.0,162.0,
-2.0,162.0,
-2.0,162.0,
-2.0,162.0,
micro
-2.0,-5.0,-1.296698344857E12,
-2.0,-5.0,-1.29669831368E12,
-2.0,-5.0,-1.296698309786E12,
-2.0,-5.0,-1.296698305441E12,
-2.0,-5.0,-1.296698305441E12,
-2.0,-5.0,-1.296698305441E12,
-2.0,-5.0,-1.296698305441E12,
-2.0,-5.0,-1.296698305441E12,
-2.0,-5.0,-1.296698305441E12,
-2.0,-5.0,-1.296698305441E12,
macro
-7.0,194.0,
-4.0,166.0,
-3.0,166.0,
-3.0,166.0,
-3.0,166.0,
-3.0,166.0,
-3.0,166.0,
micro
-4.0,-2.0,-1.296700722156E12,
-4.0,-2.0,-1.296700433596E12,
-4.0,-2.0,-1.296700233179E12,
-3.0,-1.0,-1.296700324198E12,
-3.0,-1.0,-1.296700311115E12,
-3.0,-1.0,-1.296700311115E12,
-3.0,-1.0,-1.296700311115E12,
-3.0,-1.0,-1.296700309874E12,
-3.0,-1.0,-1.296700294292E12,
-3.0,-1.0,-1.296700270034E12,
macro
-3.0,672.0,
-3.0,672.0,
-3.0,672.0,
-3.0,672.0,
-3.0,672.0,
micro
-3.0,0.0,-1.296702088229E12,
-3.0,0.0,-1.296702088229E12,
-3.0,0.0,-1.296702072069E12,
-3.0,0.0,-1.296702043386E12,
-3.0,0.0,-1.296702043386E12,
-3.0,0.0,-1.2967020423E12,
-3.0,0.0,-1.296702033689E12,
-3.0,0.0,-1.296702014132E12,
-3.0,0.0,-1.296702014132E12,
-3.0,0.0,-1.296702014132E12,
macro
-3.0,1287.0,
-3.0,1287.0,
-3.0,1287.0,
-3.0,1287.0,
-3.0,1287.0,
micro
-3.0,0.0,-1.296703747645E12,
-3.0,0.0,-1.296703732811E12,
-3.0,0.0,-1.296703681499E12,
-3.0,0.0,-1.296703681499E12,
-3.0,0.0,-1.296703660058E12,
-3.0,0.0,-1.296703660058E12,
-3.0,0.0,-1.296703660058E12,
-3.0,0.0,-1.296703652675E12,
-3.0,0.0,-1.296703652675E12,
-3.0,0.0,-1.296703652675E12,
macro
-3.0,2235.0,
-3.0,2235.0,
-3.0,2235.0,
-3.0,2235.0,
-3.0,2235.0,
micro
-4.0,-2.0,-1.296703652675E12,
-4.0,-2.0,-1.296703652675E12,
-4.0,-2.0,-1.296703652675E12,
-4.0,-2.0,-1.296703652675E12,
macro
-4.0,5327.0,
-4.0,5327.0,
-4.0,5327.0,
-4.0,5327.0,
-4.0,5327.0,
micro
-4.0,-1.0,-1.296703652675E12,
-4.0,-1.0,-1.296703652675E12,
-4.0,-1.0,-1.296703652675E12,
-4.0,-1.0,-1.296703652675E12,
macro
-4.0,5327.0,
-4.0,5327.0,
-4.0,5327.0,
-4.0,5327.0,
-4.0,5327.0,
micro
-5.0,-1.0,-1.296703652675E12,
-5.0,-1.0,-1.296703652675E12,
-5.0,-1.0,-1.296703652675E12,
-5.0,-1.0,-1.296703652675E12,
macro
-5.0,9.223372036854776E15,
-5.0,9.223372036854776E15,
-5.0,9.223372036854776E15,
-5.0,9.223372036854776E15,
-5.0,9.223372036854776E15,
micro
-5.0,0.0,-1.296703652675E12,
-5.0,0.0,-1.296703652675E12,
-5.0,0.0,-1.296703652675E12,
-5.0,0.0,-1.296703652675E12,
macro
