[
  [
    4060,
    5551,
    1906,
    235,
    5532,
    253,
    3342,
    1512,
    1503,
    5731,
    6851,
    497,
    4628,
    1946,
    2336,
    180,
    3413,
    4716,
    170,
    3171,
    6264,
    2929,
    2515,
    793,
    5283,
    6874,
    3162,
    4688,
    5781,
    5762,
    5771,
    6256,
    1893,
    1987,
    6025,
    469,
    1060,
    3741,
    1926,
    5222,
    1882,
    6002,
    1044,
    408,
    2911,
    4699,
    3672,
    1052
  ],
  [
    3391,
    6852,
    6875,
    1955,
    5789,
    6003,
    2524,
    2015,
    1935,
    1005,
    2608,
    5533,
    2901,
    3640,
    4725,
    1138
  ],
  [
    1623,
    6240,
    4748,
    991
  ]
]