[
  [
    5188,
    162,
    1636,
    196,
    2562,
    6150,
    5723,
    5651,
    3581,
    6165,
    106,
    4582,
    180,
    4637,
    1765,
    527,
    3602,
    4667,
    5141,
    261,
    4648,
    3371,
    5714,
    3613,
    419,
    4656,
    3592,
    5131,
    2317,
    1132,
    204,
    1737,
    5117,
    2299,
    5662,
    5147,
    5692,
    611
  ],
  [
    2252,
    2318,
    3614,
    1738,
    3190,
    2181,
    3249,
    3153,
    5080,
    5703,
    5155,
    6151,
    2553,
    2171,
    5681,
    528,
    3402,
    2586,
    2189,
    5673,
    2748,
    1668,
    3651,
    5118
  ],
  [
    2197,
    2775,
    3570,
    2805,
    4364,
    5142,
    2764,
    2731,
    2700,
    5072
  ],
  [
    3362,
    3511,
    4041,
    4246,
    4207
  ]
]