[
  [
    62,
    281,
    4604,
    2786,
    4612,
    20,
    5089,
    2691,
    455,
    3543,
    54,
    1765,
    2261,
    4462,
    1694,
    3302,
    4422,
    132,
    142,
    5106,
    5053,
    2311,
    4198,
    4515,
    1737,
    3501,
    2750,
    4121,
    348,
    3551,
    70,
    3978,
    2299,
    3277,
    122,
    80,
    4495,
    2682,
    114,
    3519
  ],
  [
    2787,
    4148,
    3552,
    3278,
    5054,
    2721,
    4104,
    3303,
    1738,
    3249,
    4138,
    4176,
    4008,
    3422,
    4620,
    3402,
    3332,
    1678,
    3210,
    3391,
    3128,
    5097,
    4582
  ],
  [
    3264,
    3236,
    3221,
    3140,
    3433,
    5055
  ]
]