[
  [
    3422,
    6693,
    7122,
    1564,
    1522,
    3413,
    1775,
    1537,
    3733,
    3249,
    3353,
    5222,
    7141,
    2911,
    783,
    7152,
    3662,
    362,
    1399,
    6720,
    5257,
    6701,
    463,
    5248,
    5212,
    388,
    6238,
    370,
    1530,
    6728,
    2049,
    2279
  ],
  [
    5275,
    6702,
    2309,
    7123,
    5258,
    2708,
    1788,
    1756,
    2269,
    1380,
    3153,
    2919,
    7161,
    3382,
    1997,
    2874,
    1408,
    6239,
    1388
  ],
  [
    4060,
    5742,
    5119,
    2355,
    7124,
    4231,
    2344,
    4593,
    4024,
    6703,
    4699,
    4628,
    3304
  ],
  [
    2756,
    5762,
    5259,
    1726
  ],
  [
    4158,
    6230
  ],
  [
    1335
  ],
  [
    6152
  ]
]