[
  [
    297,
    2911,
    1503,
    253,
    5222,
    1906,
    6025,
    6874,
    1955,
    1808,
    170,
    307,
    5532,
    1564,
    1935,
    6002,
    2336,
    1946,
    5283,
    1893,
    6851,
    2344,
    6256,
    408,
    378,
    3162,
    2515,
    235,
    5781,
    3733,
    1977,
    4716,
    4773
  ],
  [
    4760,
    2006,
    6875,
    5789,
    1130,
    2015,
    4725,
    1014,
    6239,
    1764,
    6003,
    6852,
    1121,
    6439,
    2298,
    1149,
    5533
  ],
  [
    6876,
    5259,
    991,
    1310,
    1511,
    1623,
    2319,
    2597,
    1739,
    1679,
    6240,
    6264,
    1005,
    6016,
    2857,
    2208
  ],
  [
    4707
  ]
]