[
  [
    4667,
    132,
    6165,
    3602,
    180,
    4121,
    419,
    5714,
    5141,
    3292,
    152,
    5131,
    5723,
    5662,
    5147,
    204,
    6150,
    611,
    3181,
    196,
    188,
    4453,
    5692,
    3613,
    1636,
    261,
    1132,
    3592,
    2317,
    4648,
    5117,
    5651,
    527,
    3581,
    162
  ],
  [
    528,
    3190,
    5080,
    2553,
    2748,
    2318,
    5681,
    5673,
    6151,
    2586,
    2171,
    5155,
    2181,
    3651,
    5118,
    4656,
    2189,
    2252,
    3614,
    5703,
    1668,
    3402
  ],
  [
    4364,
    2775,
    2805,
    2731,
    2197,
    5142,
    4563,
    2700,
    2764,
    5072
  ],
  [
    3511,
    3362,
    4246,
    4207,
    4041
  ]
]