[
  [
    7152,
    1775,
    7122,
    1522,
    7141,
    1987,
    388,
    1399,
    3413,
    1564,
    1537,
    3162,
    2279,
    6720,
    3371,
    5248,
    6728,
    6701,
    1893,
    5201,
    2515,
    2608,
    3662,
    3342,
    2049,
    362,
    5222,
    4637,
    6238,
    269,
    783,
    463,
    2269,
    5257,
    441
  ],
  [
    5275,
    6239,
    3490,
    2874,
    5258,
    2708,
    6702,
    7123,
    3391,
    7161,
    3382,
    1408,
    1380,
    2298,
    1388,
    2825,
    1756,
    1788,
    1946
  ],
  [
    2355,
    5742,
    4231,
    6703,
    7124,
    2215,
    4699,
    4302,
    4060,
    4628,
    3319,
    4024,
    4593,
    3304,
    3279
  ],
  [
    2756,
    5762,
    1726
  ],
  [
    6230,
    4158
  ]
]