[
  [
    317,
    667,
    4826,
    2055,
    1210,
    6986,
    876,
    307,
    5310,
    4799,
    1284,
    479,
    744,
    6966,
    3840,
    6947,
    1563,
    469,
    6049,
    1190,
    793,
    3741,
    4887,
    1241,
    6488,
    3832,
    566,
    2966,
    5292,
    542,
    6041,
    6997,
    6526,
    6517,
    2929,
    6544,
    4781,
    4864,
    959,
    6506,
    657,
    5338,
    6033,
    517,
    734,
    1574
  ],
  [
    6948,
    4815,
    4782,
    2967,
    3776,
    1026,
    1555,
    1766,
    4827,
    5293,
    1033,
    6527,
    3841,
    1219,
    3784,
    1199,
    5320,
    3742,
    2955,
    1486,
    2930,
    6976,
    5339,
    3813,
    6998,
    5328
  ],
  [
    6528,
    1739,
    3743,
    6004,
    6949,
    991,
    3701,
    628
  ]
]