[
  [
    1775,
    388,
    7122,
    6720,
    5201,
    1564,
    327,
    7152,
    463,
    7141,
    5277,
    2049,
    6728,
    5222,
    370,
    783,
    6238,
    3342,
    1399,
    3171,
    2269,
    1987,
    3413,
    5248,
    3162,
    2515,
    269,
    3662,
    5771,
    4637,
    362,
    5257,
    6701,
    1537
  ],
  [
    2355,
    1788,
    5258,
    6702,
    7123,
    1408,
    1388,
    1756,
    3391,
    7161,
    2708,
    2874,
    2825,
    2748,
    1380,
    2919,
    6239
  ],
  [
    4231,
    2756,
    4060,
    4699,
    3279,
    7124,
    1926,
    5742,
    5119,
    4628,
    4024,
    2344,
    2215,
    3304,
    6703,
    5142
  ],
  [
    6230,
    2524,
    1726
  ],
  [
    1335,
    4158
  ],
  [
    6152
  ]
]