-12.0,67.0,
-9.0,0.0,
-8.0,0.0,
-6.0,0.0,
-5.0,0.0,
-5.0,0.0,
-5.0,0.0,
-5.0,0.0,
-5.0,6.0,
-4.0,0.0,
-4.0,6.0,
micro
0.0,0.0,-1.29668207114E12,
0.0,0.0,-1.296682057381E12,
0.0,0.0,-1.296682057381E12,
0.0,0.0,-1.296682053121E12,
0.0,0.0,-1.296682052371E12,
0.0,0.0,-1.296682049227E12,
0.0,0.0,-1.296682045647E12,
0.0,0.0,-1.296682041841E12,
0.0,0.0,-1.296682034914E12,
0.0,0.0,-1.296682031658E12,
macro
-3.0,6.0,
-3.0,6.0,
-3.0,6.0,
-2.0,6.0,
-2.0,6.0,
-2.0,6.0,
-1.0,6.0,
-1.0,6.0,
-1.0,6.0,
-1.0,6.0,
-1.0,6.0,
micro
0.0,0.0,-1.296683915845E12,
0.0,0.0,-1.296683884119E12,
0.0,0.0,-1.296683884119E12,
0.0,0.0,-1.296683884119E12,
0.0,0.0,-1.296683877168E12,
0.0,0.0,-1.29668386234E12,
0.0,0.0,-1.296683852413E12,
0.0,0.0,-1.296683843329E12,
0.0,0.0,-1.296683843329E12,
0.0,0.0,-1.296683843329E12,
macro
-1.0,6.0,
-1.0,6.0,
-1.0,6.0,
-1.0,6.0,
-1.0,6.0,
micro
0.0,0.0,-1.296685799652E12,
0.0,0.0,-1.29668578004E12,
0.0,0.0,-1.29668578004E12,
0.0,0.0,-1.29668578004E12,
0.0,0.0,-1.296685775174E12,
0.0,0.0,-1.296685775174E12,
0.0,0.0,-1.296685763056E12,
0.0,0.0,-1.296685755393E12,
0.0,0.0,-1.296685747743E12,
0.0,0.0,-1.296685747743E12,
macro
-2.0,19.0,
-2.0,19.0,
-2.0,19.0,
-2.0,19.0,
-2.0,19.0,
micro
0.0,0.0,-1.296687577889E12,
0.0,0.0,-1.296687577889E12,
0.0,0.0,-1.296687577889E12,
0.0,0.0,-1.296687577889E12,
0.0,0.0,-1.296687577889E12,
0.0,0.0,-1.296687572123E12,
0.0,0.0,-1.296687531053E12,
0.0,0.0,-1.296687531053E12,
0.0,0.0,-1.296687531053E12,
0.0,0.0,-1.296687531053E12,
macro
-2.0,47.0,
-2.0,47.0,
-2.0,47.0,
-2.0,47.0,
-2.0,47.0,
micro
-4.0,-2.0,-1.296689472738E12,
-3.0,-1.0,-1.296689478361E12,
-3.0,-1.0,-1.296689421076E12,
-2.0,0.0,-1.296689444688E12,
-2.0,0.0,-1.296689438982E12,
-2.0,0.0,-1.296689398407E12,
-2.0,0.0,-1.296689381213E12,
-2.0,0.0,-1.296689375617E12,
-2.0,0.0,-1.296689375617E12,
-2.0,0.0,-1.29668935661E12,
macro
-2.0,192.0,
-2.0,194.0,
-2.0,201.0,
-2.0,201.0,
-2.0,201.0,
-2.0,209.0,
-2.0,209.0,
-2.0,209.0,
-2.0,214.0,
-2.0,214.0,
-2.0,214.0,
micro
-2.0,-1.0,-1.296691276938E12,
-2.0,-1.0,-1.296691214104E12,
-2.0,-1.0,-1.296691214104E12,
-2.0,0.0,-1.296691466555E12,
-2.0,0.0,-1.296691466555E12,
-2.0,0.0,-1.296691466555E12,
-2.0,0.0,-1.296691380621E12,
-2.0,0.0,-1.296691319387E12,
-2.0,0.0,-1.296691319387E12,
-2.0,0.0,-1.296691319387E12,
macro
-2.0,154.0,
-2.0,154.0,
-2.0,154.0,
-2.0,161.0,
-2.0,161.0,
-2.0,170.0,
-2.0,170.0,
-2.0,170.0,
-2.0,170.0,
-2.0,180.0,
-2.0,180.0,
micro
-2.0,0.0,-1.296693170138E12,
-2.0,0.0,-1.296693170138E12,
-2.0,0.0,-1.296693152152E12,
-2.0,0.0,-1.296693016508E12,
-2.0,0.0,-1.296693016508E12,
-2.0,0.0,-1.296693016508E12,
-2.0,0.0,-1.296693016508E12,
-2.0,0.0,-1.296693016508E12,
-2.0,0.0,-1.29669298947E12,
-2.0,0.0,-1.29669298947E12,
macro
-3.0,195.0,
-3.0,197.0,
-3.0,197.0,
-3.0,197.0,
-3.0,197.0,
-3.0,197.0,
micro
-3.0,-3.0,-1.296694774886E12,
-3.0,-3.0,-1.296694774886E12,
-3.0,-3.0,-1.296694750934E12,
-3.0,-3.0,-1.296694750934E12,
-3.0,-3.0,-1.296694750934E12,
-3.0,-3.0,-1.296694750934E12,
-3.0,-3.0,-1.296694750934E12,
-3.0,-3.0,-1.296694750934E12,
-3.0,-3.0,-1.296694750934E12,
-3.0,-3.0,-1.296694750934E12,
macro
-3.0,178.0,
-3.0,178.0,
-3.0,178.0,
-3.0,178.0,
-3.0,178.0,
micro
-3.0,-2.0,-1.296696665391E12,
-3.0,-2.0,-1.296696665391E12,
-3.0,-2.0,-1.296696606894E12,
-3.0,-2.0,-1.296696582176E12,
-3.0,-2.0,-1.296696582176E12,
-3.0,-2.0,-1.296696582176E12,
-3.0,-2.0,-1.296696545388E12,
-3.0,-2.0,-1.296696545388E12,
-3.0,-2.0,-1.296696545388E12,
-3.0,-2.0,-1.296696545388E12,
macro
-3.0,164.0,
-3.0,164.0,
-3.0,164.0,
-3.0,164.0,
-3.0,174.0,
-3.0,174.0,
-3.0,184.0,
-3.0,184.0,
-3.0,184.0,
-3.0,184.0,
-3.0,184.0,
micro
-3.0,-4.0,-1.296698305441E12,
-3.0,-4.0,-1.296698305441E12,
-3.0,-4.0,-1.296698305441E12,
-3.0,-4.0,-1.296698305441E12,
-3.0,-4.0,-1.296698305441E12,
-3.0,-4.0,-1.296698305441E12,
-3.0,-4.0,-1.296698305441E12,
macro
-4.0,179.0,
-4.0,179.0,
-4.0,179.0,
-4.0,179.0,
-4.0,179.0,
micro
-6.0,-2.0,-1.296700617056E12,
-6.0,-2.0,-1.296700558563E12,
-6.0,-2.0,-1.296700558563E12,
-5.0,-1.0,-1.296700557368E12,
-4.0,0.0,-1.296700447036E12,
-4.0,0.0,-1.296700447036E12,
-4.0,0.0,-1.296700447036E12,
-4.0,0.0,-1.296700447036E12,
-4.0,0.0,-1.296700447036E12,
-4.0,0.0,-1.296700447036E12,
macro
-4.0,631.0,
-4.0,631.0,
-4.0,631.0,
-4.0,631.0,
-4.0,631.0,
micro
-4.0,0.0,-1.296701952428E12,
-4.0,0.0,-1.296701894609E12,
-4.0,0.0,-1.296701894609E12,
-4.0,0.0,-1.296701894609E12,
-4.0,0.0,-1.296701894609E12,
-4.0,0.0,-1.296701894609E12,
-4.0,0.0,-1.296701894609E12,
-4.0,0.0,-1.296701894609E12,
-4.0,0.0,-1.296701894609E12,
-4.0,0.0,-1.296701894609E12,
macro
-4.0,1165.0,
-4.0,1165.0,
-4.0,1165.0,
-4.0,1165.0,
-4.0,1165.0,
micro
-4.0,0.0,-1.296703590806E12,
-4.0,0.0,-1.296703590806E12,
-4.0,0.0,-1.296703590806E12,
-4.0,0.0,-1.296703590806E12,
-4.0,0.0,-1.296703590806E12,
-4.0,0.0,-1.296703590806E12,
-4.0,0.0,-1.296703578278E12,
-4.0,0.0,-1.296703578278E12,
-4.0,0.0,-1.296703578278E12,
-4.0,0.0,-1.296703578278E12,
macro
-4.0,9.223372036854776E15,
-4.0,9.223372036854776E15,
-4.0,9.223372036854776E15,
-4.0,9.223372036854776E15,
-4.0,9.223372036854776E15,
micro
-4.0,0.0,-1.296703578278E12,
-4.0,0.0,-1.296703578278E12,
-4.0,0.0,-1.296703578278E12,
-4.0,0.0,-1.296703578278E12,
macro
-4.0,9.223372036854776E15,
-4.0,9.223372036854776E15,
-4.0,9.223372036854776E15,
-4.0,9.223372036854776E15,
-4.0,9.223372036854776E15,
micro
-4.0,0.0,-1.296703578278E12,
-4.0,0.0,-1.296703578278E12,
-4.0,0.0,-1.296703578278E12,
-4.0,0.0,-1.296703578278E12,
macro
-4.0,9.223372036854776E15,
-4.0,9.223372036854776E15,
-4.0,9.223372036854776E15,
-4.0,9.223372036854776E15,
-4.0,9.223372036854776E15,
micro
-4.0,0.0,-1.296703578278E12,
-4.0,0.0,-1.296703578278E12,
-4.0,0.0,-1.296703578278E12,
-4.0,0.0,-1.296703578278E12,
macro
-4.0,9.223372036854776E15,
-4.0,9.223372036854776E15,
-4.0,9.223372036854776E15,
-4.0,9.223372036854776E15,
-4.0,9.223372036854776E15,
micro
-4.0,0.0,-1.296703578278E12,
-4.0,0.0,-1.296703578278E12,
-4.0,0.0,-1.296703578278E12,
-4.0,0.0,-1.296703578278E12,
macro
