[
  [
    4444,
    5117,
    162,
    3613,
    527,
    188,
    2562,
    3592,
    106,
    4167,
    261,
    196,
    1132,
    3292,
    5168,
    1636,
    3371,
    3181,
    5662,
    2317,
    5651,
    5714,
    3581,
    152,
    3602,
    6165,
    4453,
    6150,
    5147,
    419,
    5141,
    5131,
    3201,
    3171,
    180,
    204,
    4667,
    4648,
    611,
    4435
  ],
  [
    2171,
    5703,
    2181,
    3614,
    2553,
    2205,
    2318,
    5155,
    528,
    3651,
    1668,
    5080,
    6151,
    2252,
    2189,
    5681,
    4656,
    3190,
    5673,
    2586,
    5118
  ],
  [
    2764,
    5072,
    3570,
    2775,
    4364,
    2700,
    2197,
    2805,
    2731
  ],
  [
    4041,
    4246,
    3511
  ]
]