[
  [
    2336,
    2041,
    5283,
    5532,
    6256,
    1564,
    398,
    2911,
    2849,
    1044,
    6851,
    2524,
    408,
    5731,
    5222,
    1052,
    6025,
    5771,
    1893,
    5781,
    552,
    1520,
    370,
    1427,
    2344,
    6002,
    6874,
    378,
    4716,
    4773,
    497,
    3672,
    793,
    5551,
    4746,
    4725,
    3718,
    3733,
    3699,
    1060,
    297
  ],
  [
    5789,
    1692,
    1121,
    6852,
    2015,
    1764,
    2633,
    4747,
    5533,
    4760,
    1014,
    1138,
    6003,
    3700,
    3719,
    2919,
    5177,
    2901,
    6875,
    1955,
    1997
  ],
  [
    1926,
    2215,
    6240,
    1310,
    1739,
    5259,
    991,
    1005,
    2857,
    2319,
    6264,
    1679
  ]
]