[
  [
    3741,
    5551,
    1052,
    4773,
    408,
    6851,
    235,
    2524,
    497,
    1882,
    378,
    398,
    3342,
    1893,
    4746,
    542,
    5222,
    5283,
    2336,
    1946,
    2608,
    5201,
    307,
    6002,
    5559,
    6256,
    1044,
    1977,
    5771,
    1955,
    253,
    6025,
    1906,
    4716,
    489,
    3162,
    1512,
    552,
    5781,
    3733,
    1537,
    2515,
    1987,
    170,
    3631
  ],
  [
    4725,
    2309,
    3640,
    5789,
    3742,
    6003,
    1138,
    4760,
    1764,
    4747,
    2298,
    4688,
    6852,
    2901
  ],
  [
    4748,
    1623,
    2319,
    5259,
    1935,
    6240,
    1739,
    6264,
    991
  ]
]