[
  [
    1132,
    70,
    196,
    204,
    1636,
    5723,
    6150,
    6165,
    5147,
    527,
    5662,
    5651,
    1737,
    3262,
    4667,
    3581,
    5714,
    132,
    5141,
    261,
    3613,
    4648,
    5117,
    162,
    2317,
    5188,
    2311,
    4656,
    3592,
    5692,
    419,
    5131,
    611,
    3602
  ],
  [
    5681,
    528,
    5080,
    3153,
    3190,
    2586,
    2171,
    5118,
    3651,
    5703,
    3614,
    3402,
    2205,
    6151,
    5673,
    1738,
    5155,
    3263,
    2252,
    2553,
    2748,
    2318,
    2189,
    2181,
    2721,
    1668
  ],
  [
    2197,
    2775,
    2764,
    2731,
    4113,
    5072,
    4364,
    2805,
    4539,
    5119,
    3570,
    2700,
    5142
  ],
  [
    3362,
    3511,
    5643,
    4246,
    4207,
    4041
  ]
]