[
  [
    5157,
    3469,
    130,
    3852,
    4117,
    3187,
    3576,
    5591,
    4670,
    3163,
    1069,
    5138,
    4488,
    3527,
    434,
    2855,
    3915,
    3862,
    4681,
    3174,
    4002,
    122,
    1748,
    3625,
    3987,
    94,
    5165,
    140,
    3978,
    3484,
    3123,
    3703,
    3900,
    160,
    5129,
    2300,
    3881,
    150,
    455,
    2682,
    4156,
    1455,
    84,
    1783,
    3454
  ],
  [
    1749,
    3485,
    4327,
    3614,
    3901,
    3470,
    3528,
    3657,
    1784,
    3916,
    5166,
    2683,
    2301,
    2833,
    3455,
    3988,
    3704,
    3882,
    3863,
    3509,
    3272,
    4461
  ],
  [
    3437,
    5167,
    3989,
    3471,
    3883,
    3486,
    3529,
    3902,
    4626,
    3418,
    4606,
    3456
  ]
]