[
  [
    5978,
    1418,
    2991,
    7170,
    1854,
    5927,
    1290,
    4953,
    914,
    6314,
    5467,
    886,
    5959,
    1084,
    4996,
    5969,
    1074,
    3865,
    904,
    950,
    932,
    6418,
    979,
    6410,
    5444,
    5523,
    687,
    1113,
    3117,
    5478,
    3970,
    5486,
    3884,
    5994,
    3006,
    3792
  ],
  [
    5445,
    7171,
    3069,
    4954,
    4997,
    784,
    1053,
    3106,
    6834,
    5986,
    5940,
    2497,
    2486,
    6380,
    5504,
    456,
    2467,
    2435,
    5015,
    3893
  ],
  [
    433,
    3842,
    3957,
    4998,
    7172,
    2968,
    5799,
    3803,
    3947,
    612,
    4955,
    4828,
    5446
  ],
  [
    5024,
    5951
  ]
]