[
  [
    3543,
    1132,
    5131,
    196,
    4648,
    5714,
    3602,
    3613,
    5692,
    2562,
    204,
    2317,
    5168,
    5117,
    3371,
    3581,
    3682,
    1636,
    4637,
    5662,
    70,
    5106,
    5147,
    5723,
    1765,
    261,
    4121,
    4495,
    6165,
    162,
    4667,
    2311,
    4656,
    527,
    6150,
    5188,
    243,
    419,
    2232,
    611,
    5651,
    3592
  ],
  [
    2721,
    2586,
    3190,
    5139,
    2814,
    3153,
    2318,
    5673,
    2573,
    6151,
    5118,
    3402,
    5155,
    5703,
    2205,
    528,
    5681,
    2553,
    2181,
    2189,
    3614,
    2171
  ],
  [
    2788,
    2775,
    2764,
    5072,
    2805,
    2731,
    2751,
    3319,
    4539,
    2197,
    4364
  ],
  [
    3362,
    4041,
    4246
  ]
]