[
  [
    3501,
    3457,
    142,
    80,
    4604,
    114,
    2786,
    455,
    1737,
    4167,
    4068,
    5053,
    54,
    4612,
    4495,
    1765,
    4620,
    5106,
    3543,
    70,
    106,
    4571,
    132,
    3234,
    2299,
    3181,
    3277,
    3519,
    3138,
    20,
    3551,
    4121,
    3978,
    2682,
    152,
    3201,
    2207,
    122,
    4515,
    2691,
    5089,
    348
  ],
  [
    3210,
    5054,
    3249,
    3139,
    3552,
    4301,
    5097,
    4008,
    3278,
    4138,
    4104,
    4198,
    4539,
    3128,
    2787,
    1738,
    3235,
    4582,
    4484
  ],
  [
    3221,
    3264,
    3236,
    4186,
    4219,
    4526,
    3433,
    5055,
    3140,
    4272
  ]
]