[
  [
    2105,
    1798,
    5978,
    1290,
    5486,
    1854,
    979,
    1284,
    1094,
    3865,
    1298,
    4996,
    1113,
    5467,
    5478,
    5523,
    3077,
    3792,
    5959,
    865,
    914,
    5969,
    5994,
    6418,
    940,
    3884,
    950,
    3970,
    6410,
    1862,
    3117,
    1074,
    2646,
    5927,
    3006,
    754
  ],
  [
    7171,
    3893,
    1426,
    1873,
    3078,
    6314,
    2989,
    1053,
    456,
    2486,
    5504,
    3069,
    2467,
    784,
    2497,
    5986,
    6380,
    5015,
    4997
  ],
  [
    6834,
    4998,
    5799,
    3079,
    612,
    3035,
    3957,
    3947,
    7172,
    529,
    6801,
    2968,
    3803,
    3842
  ],
  [
    433,
    5951
  ]
]