[
  [
    1563,
    6947,
    1536,
    6966,
    2991,
    734,
    7015,
    1160,
    1241,
    5310,
    507,
    1574,
    307,
    586,
    6997,
    3033,
    6049,
    542,
    6986,
    1210,
    5292,
    657,
    594,
    4826,
    959,
    3840,
    6517,
    3832,
    687,
    4875,
    5338,
    6506,
    6544,
    6488,
    667,
    4799,
    6526,
    1190,
    4815,
    6041,
    4864,
    517,
    744,
    5352,
    6033,
    809,
    3815,
    566,
    558
  ],
  [
    6948,
    1486,
    3841,
    1033,
    6998,
    6527,
    6976,
    1766,
    1219,
    5320,
    5293,
    5339,
    2955,
    1199,
    3776,
    4885,
    4827,
    5328,
    3784,
    1555
  ],
  [
    6004,
    3743,
    6949,
    6528,
    1310,
    628,
    2319
  ]
]