[
  [
    2597,
    4707,
    6060,
    576,
    6458,
    6016,
    6889,
    6866,
    1044,
    620,
    6447,
    6897,
    6488,
    1168,
    3640,
    2028,
    6927,
    469,
    1503,
    6936,
    6473,
    2929,
    479,
    297,
    602,
    1458,
    2418,
    489,
    1547,
    1997,
    6916,
    5559,
    6497,
    5275,
    2617
  ],
  [
    1536,
    3755,
    2930,
    3680,
    2901,
    1179,
    1475,
    2006,
    4815,
    1160,
    1528,
    1149,
    1964,
    6474,
    2047,
    6898,
    2625,
    6459,
    2039
  ],
  [
    3615,
    6429,
    4748,
    6460,
    6899,
    5534,
    2300,
    6475,
    1739,
    4807,
    991,
    6876,
    6853
  ],
  [
    2066,
    1495
  ],
  [
    1917,
    1026
  ]
]