[
  [
    1964,
    5371,
    1190,
    6997,
    5310,
    793,
    4864,
    4799,
    3815,
    744,
    734,
    6947,
    1210,
    6986,
    4826,
    667,
    5815,
    307,
    3840,
    3741,
    469,
    6966,
    566,
    6033,
    6506,
    809,
    1574,
    4815,
    4875,
    317,
    1241,
    2966,
    959,
    517,
    6517,
    4781,
    657,
    3832,
    876,
    5352,
    6526,
    6041,
    6544,
    5292
  ],
  [
    3742,
    1565,
    1555,
    1219,
    2967,
    5320,
    5328,
    4885,
    1033,
    4827,
    2955,
    6948,
    6976,
    1199,
    6527,
    4782,
    3776,
    6998,
    1486,
    1230,
    5293,
    3841
  ],
  [
    4828,
    6528,
    5294,
    6004,
    3743,
    2884,
    3701,
    628,
    1367,
    2319,
    6949
  ]
]