[
  [
    7026,
    5608,
    6114,
    6070,
    819,
    6122,
    4953,
    6637,
    6627,
    5444,
    6139,
    6105,
    6557,
    7035,
    7070,
    6603,
    1084,
    6576,
    1610,
    6097,
    7107,
    6131,
    1282,
    6089,
    5495,
    1263,
    3106,
    7050,
    6614,
    922,
    1593,
    6648,
    6595,
    5024,
    904,
    7089,
    2435,
    2074,
    7098
  ],
  [
    4954,
    6577,
    1252,
    4985,
    6558,
    6071,
    7071,
    1271,
    5044,
    7036,
    5445,
    3906,
    3060,
    7108,
    3876,
    1045
  ],
  [
    7109,
    7072,
    7037,
    7060,
    4928,
    4955,
    5446
  ]
]