[
  [
    3033,
    677,
    2055,
    2966,
    649,
    705,
    507,
    1834,
    6947,
    1190,
    6997,
    1210,
    1574,
    558,
    793,
    5310,
    4781,
    4864,
    6966,
    764,
    1536,
    5338,
    586,
    799,
    5836,
    4875,
    6526,
    1563,
    517,
    3741,
    566,
    469,
    6544,
    6049,
    594,
    5292,
    6517,
    959,
    5352,
    4799,
    667,
    542,
    4826,
    6986,
    1052,
    6506,
    774,
    1044,
    6033
  ],
  [
    1766,
    4782,
    6998,
    5328,
    2967,
    6976,
    2363,
    5293,
    3776,
    5320,
    3742,
    1199,
    5339,
    1486,
    6527,
    1033,
    5828,
    6948,
    3034
  ],
  [
    5294,
    628,
    6460,
    3720,
    6004,
    6949,
    3743,
    2319
  ]
]