[
  [
    3501,
    3171,
    3543,
    3181,
    4444,
    348,
    4167,
    5053,
    54,
    122,
    80,
    5106,
    62,
    455,
    70,
    114,
    4604,
    20,
    142,
    4612,
    3519,
    3302,
    4515,
    2682,
    4462,
    3201,
    4121,
    4198,
    1025,
    2691,
    3551,
    5089,
    132,
    3292,
    1765,
    281,
    2786,
    4422,
    2299,
    4495
  ],
  [
    3332,
    3210,
    3249,
    4104,
    4582,
    4138,
    4008,
    3128,
    5097,
    2787,
    1678,
    3422,
    3402,
    3303,
    5054,
    3552,
    4620
  ],
  [
    3433,
    4219,
    3236,
    5055,
    3221
  ]
]