[
  [
    4444,
    4612,
    4033,
    3543,
    3501,
    4604,
    455,
    4620,
    4571,
    4068,
    1737,
    348,
    80,
    114,
    3551,
    5089,
    122,
    5053,
    2786,
    2299,
    4121,
    3457,
    3519,
    152,
    3317,
    3978,
    70,
    3201,
    2750,
    4008,
    4167,
    2682,
    142,
    3468,
    4462,
    3302,
    132,
    106,
    2311,
    2691
  ],
  [
    2787,
    5106,
    3332,
    4138,
    2721,
    4198,
    3210,
    3128,
    4582,
    5097,
    3552,
    3303,
    5054,
    4320,
    1738,
    4104,
    4271,
    4484,
    3318
  ],
  [
    4526,
    4272,
    3140,
    4336,
    4321,
    3264,
    3433,
    4186,
    4351,
    3236,
    4219,
    5055,
    3221
  ]
]