[
  [
    6105,
    3893,
    1103,
    6070,
    6576,
    6627,
    6114,
    6648,
    6122,
    5608,
    6089,
    7026,
    1282,
    7089,
    1298,
    7070,
    1094,
    1610,
    7107,
    6097,
    1113,
    7035,
    6139,
    6603,
    5015,
    2074,
    7050,
    2646,
    6557,
    6637,
    3815,
    1263,
    6131,
    1066,
    6614,
    5024,
    1084,
    7098,
    5044,
    1290,
    1593,
    6595,
    5994
  ],
  [
    4885,
    1271,
    4985,
    1873,
    612,
    7036,
    4997,
    2467,
    6577,
    433,
    1252,
    6071,
    3060,
    7108,
    6558,
    3876,
    7071,
    784,
    700
  ],
  [
    3816,
    4928,
    3930,
    7072,
    7109,
    529,
    7037,
    7060,
    3079
  ]
]