[
  [
    4524,
    4422,
    989,
    1621,
    1409,
    3234,
    432,
    356,
    4349,
    20,
    2207,
    2729,
    30,
    4285,
    4270,
    4374,
    38,
    3219,
    46,
    4495,
    1308,
    54,
    4398,
    4319,
    4435,
    4244,
    3989,
    4515,
    1025,
    3431,
    3138,
    1365,
    3262,
    1013,
    4453,
    1032,
    4217,
    3277,
    4547,
    2213,
    4184,
    281,
    1677,
    90,
    4334,
    215,
    4413,
    0,
    4300,
    10,
    1004,
    98,
    62
  ],
  [
    3220,
    4555,
    1366,
    3446,
    1622,
    4286,
    1678,
    3278,
    4506,
    4245,
    4399,
    2730,
    990,
    4185,
    3139,
    4335,
    4389,
    3235,
    4350,
    4539,
    4525,
    3432,
    3263,
    4301,
    1309,
    2214,
    4375,
    3990,
    4218,
    3479
  ],
  [
    3991,
    4287,
    4376
  ]
]