[
  [
    4439,
    6744,
    7127,
    1208,
    2969,
    5292,
    5757,
    7119,
    4018,
    4790,
    5795,
    327,
    7174,
    355,
    2395,
    3631,
    4026,
    6303,
    4346,
    739,
    415,
    5174,
    6295,
    6762,
    6265,
    6771,
    555,
    2208,
    5250,
    6255,
    4813,
    1884,
    2697,
    4238
  ],
  [
    2430,
    2404,
    1617,
    4791,
    1388,
    2942,
    3826,
    6745,
    1824,
    740,
    2375,
    7138,
    1396,
    1427,
    1902,
    3421
  ],
  [
    6701,
    5129,
    4712,
    5812,
    3662,
    3842,
    3713,
    4034,
    5212,
    3936,
    6746,
    5783,
    5201,
    2335,
    4633
  ],
  [
    1772,
    1875,
    3834,
    2875
  ],
  [
    6222,
    2801,
    4674
  ],
  [
    4398
  ]
]