[
  [
    1418,
    1798,
    2991,
    1290,
    2435,
    5994,
    6410,
    3893,
    979,
    5444,
    5478,
    3077,
    5486,
    1854,
    5523,
    3884,
    932,
    1074,
    5969,
    4953,
    2646,
    3865,
    6418,
    1094,
    904,
    5467,
    4996,
    3970,
    687,
    5459,
    5986,
    5959,
    5978,
    865,
    1298,
    3117
  ],
  [
    5445,
    3906,
    3069,
    6834,
    3106,
    7171,
    1873,
    4997,
    5504,
    2486,
    456,
    6380,
    2467,
    6314,
    4954,
    612,
    784,
    2497,
    5015,
    5940,
    1053
  ],
  [
    2968,
    5799,
    1045,
    3803,
    7172,
    3957,
    3947,
    4998,
    4955,
    433
  ],
  [
    5024,
    5951
  ]
]