[
  [
    3371,
    5188,
    3613,
    5131,
    1636,
    162,
    3592,
    2562,
    4648,
    180,
    3332,
    4656,
    106,
    527,
    5714,
    419,
    611,
    5723,
    5147,
    5141,
    5662,
    204,
    3581,
    5117,
    261,
    6165,
    196,
    3602,
    5651,
    4637,
    4667,
    6150,
    5692,
    2317
  ],
  [
    3614,
    3402,
    1668,
    2553,
    2586,
    3651,
    5080,
    2252,
    5118,
    2181,
    3391,
    2318,
    2189,
    2171,
    2748,
    6151,
    528,
    5673,
    5681,
    3190,
    5155,
    5703
  ],
  [
    5142,
    2775,
    3319,
    2805,
    5119,
    2764,
    2700,
    2731,
    4113,
    4563,
    4364,
    5072,
    3570,
    2197
  ],
  [
    3511,
    3362,
    4246,
    4041,
    4207
  ]
]