[
  [
    4735,
    5643,
    5692,
    6693,
    699,
    2882,
    4016,
    6657,
    243,
    269,
    188,
    235,
    441,
    1713,
    6195,
    2838,
    1530,
    5201,
    2243,
    5168,
    463,
    6214,
    2866,
    4113,
    1512,
    5723,
    2232,
    4563,
    2279,
    5188,
    327,
    2287,
    287,
    1765,
    6676,
    1409,
    6222
  ],
  [
    4050,
    1327,
    3532,
    2825,
    2874,
    3640,
    6196,
    3382,
    1354,
    6658,
    4085,
    6685,
    2814,
    1343,
    4076,
    5235,
    2883,
    4678
  ],
  [
    3631,
    4473,
    4699,
    3553,
    6176,
    4129,
    5751,
    6659,
    1700,
    3615,
    6187,
    2215,
    6197,
    2788
  ],
  [
    4688,
    1649,
    4095,
    1657
  ],
  [
    4259,
    4400
  ]
]