[
  [
    1798,
    1094,
    3865,
    950,
    5940,
    2105,
    6834,
    1862,
    5015,
    886,
    6410,
    865,
    5978,
    5459,
    4887,
    5486,
    5969,
    5504,
    1846,
    819,
    1103,
    4953,
    1833,
    6399,
    3117,
    754,
    6341,
    1464,
    2646,
    5994,
    5467,
    3006,
    1854,
    5478,
    1298,
    3854,
    6418,
    1113,
    3970
  ],
  [
    6314,
    7171,
    1426,
    2475,
    433,
    2416,
    1061,
    6380,
    1053,
    1045,
    2486,
    784,
    4954,
    2435,
    456,
    2497,
    3069,
    5986,
    3813
  ],
  [
    6801,
    2968,
    7172,
    3842,
    5799,
    3803,
    3957,
    4888,
    529,
    612
  ],
  [
    5951
  ]
]