[
  [
    1530,
    2882,
    6195,
    6214,
    297,
    2866,
    441,
    2562,
    1409,
    699,
    2243,
    287,
    5188,
    337,
    1713,
    1549,
    243,
    3570,
    327,
    225,
    5168,
    2287,
    2232,
    6657,
    3718,
    4016,
    3371,
    4735,
    2041,
    2838,
    6693,
    4637,
    6222,
    269,
    3699,
    6676,
    5643,
    4113
  ],
  [
    6658,
    1327,
    3680,
    4076,
    3532,
    4678,
    1354,
    3700,
    2814,
    5235,
    3719,
    2573,
    2883,
    6685,
    3688,
    1343,
    4085,
    1692,
    6196,
    5177
  ],
  [
    6176,
    5751,
    3615,
    2260,
    3319,
    4176,
    6187,
    2788,
    2215,
    3553,
    4473,
    1700,
    4129
  ],
  [
    4095,
    1657,
    4148,
    1649
  ],
  [
    4259,
    4400
  ]
]