[
  [
    6936,
    6458,
    2418,
    1052,
    378,
    1060,
    6916,
    6889,
    1458,
    6897,
    1977,
    1168,
    1893,
    6927,
    297,
    2617,
    3640,
    2597,
    576,
    5559,
    1520,
    2006,
    1044,
    6497,
    489,
    6473,
    1987,
    6447,
    6060,
    1964,
    1427,
    2633,
    1935,
    2028,
    235,
    620,
    602,
    1808,
    1547,
    5551
  ],
  [
    6474,
    1528,
    1130,
    2625,
    6459,
    2039,
    2047,
    1179,
    5275,
    1536,
    1160,
    6898,
    3755,
    1475
  ],
  [
    6899,
    4807,
    5534,
    3720,
    4748,
    6429,
    2215,
    3615,
    6460,
    2300,
    6853,
    6475,
    1410
  ],
  [
    1495,
    2066
  ],
  [
    1917
  ]
]