[
  [
    2299,
    3501,
    4604,
    4515,
    4612,
    4167,
    3138,
    2786,
    4620,
    348,
    3201,
    1765,
    5053,
    80,
    70,
    4571,
    3277,
    3262,
    2682,
    3543,
    3457,
    3978,
    2691,
    5106,
    4008,
    455,
    3551,
    114,
    4462,
    1409,
    142,
    2311,
    122,
    5089,
    1025,
    4121,
    3302,
    3519
  ],
  [
    2721,
    3332,
    4138,
    2787,
    3318,
    4104,
    3422,
    3402,
    3303,
    4593,
    4484,
    4198,
    5097,
    3278,
    3249,
    3263,
    3153,
    3210,
    4506,
    3128,
    3552,
    4582,
    5054,
    3139
  ],
  [
    3140,
    4526,
    3433,
    3236,
    4336,
    4186,
    5055,
    3221,
    3264,
    4272
  ]
]