[
  [
    1935,
    6851,
    2336,
    170,
    297,
    1882,
    1946,
    6874,
    3718,
    6256,
    5283,
    497,
    1162,
    1893,
    3733,
    6002,
    6025,
    1977,
    408,
    3699,
    5532,
    1503,
    5781,
    2911,
    5731,
    253,
    4716,
    398,
    235,
    3688,
    3672,
    4773,
    552,
    337
  ],
  [
    4725,
    2633,
    1906,
    4760,
    5789,
    3700,
    6875,
    6003,
    3719,
    1149,
    6264,
    2849,
    1121,
    1997,
    5533,
    2298,
    2015,
    1955,
    1014,
    6852,
    6439,
    2006
  ],
  [
    2597,
    1310,
    5259,
    2857,
    6240,
    2788,
    5177,
    1005,
    1623,
    3615,
    6016,
    991,
    6876,
    1511,
    1679
  ],
  [
    3640,
    4707
  ]
]