[
  [
    1399,
    5277,
    6222,
    3413,
    2279,
    7122,
    4050,
    3422,
    6693,
    1343,
    1775,
    7141,
    1700,
    4148,
    463,
    6720,
    7152,
    2243,
    5257,
    3162,
    783,
    2049,
    269,
    6701,
    2041,
    388,
    1530,
    362,
    6214,
    6728,
    3342
  ],
  [
    4473,
    2355,
    1380,
    2708,
    2309,
    4095,
    2825,
    1388,
    2573,
    7161,
    7123,
    1692,
    1408,
    1756,
    1788,
    3490,
    6702,
    3382,
    5258,
    2269,
    4076
  ],
  [
    7124,
    4628,
    4231,
    4302,
    2756,
    6703,
    3304,
    4593,
    3279,
    3319,
    4024,
    5742,
    4060,
    5119
  ],
  [
    6230,
    5762,
    1726
  ],
  [
    4158,
    1335
  ]
]