[
  [
    4914,
    3033,
    586,
    2405,
    5412,
    5384,
    7015,
    5403,
    5883,
    876,
    799,
    5836,
    1814,
    5844,
    724,
    754,
    5338,
    3014,
    5360,
    1284,
    837,
    5861,
    677,
    3840,
    2396,
    5797,
    827,
    845,
    793,
    764,
    4887,
    6275,
    886,
    6293,
    5872,
    1587,
    774,
    894,
    3077
  ],
  [
    5339,
    3078,
    5385,
    2997,
    2989,
    2385,
    5420,
    3821,
    3813,
    5828,
    3025,
    3034,
    5798,
    4901,
    3841,
    5853,
    4915,
    2374,
    4856,
    2980
  ],
  [
    4783,
    4893,
    5386,
    6999
  ],
  [
    4937
  ],
  [
    1806
  ],
  [
    1133
  ]
]