[
  [
    6814,
    3815,
    724,
    5459,
    1044,
    1587,
    1456,
    969,
    4845,
    5033,
    6369,
    5927,
    2105,
    7185,
    886,
    5940,
    6783,
    932,
    1284,
    4945,
    1437,
    2443,
    6791,
    6736,
    5853,
    5512,
    922,
    7170,
    6799,
    5902,
    6358,
    5444,
    3955,
    6754,
    6842,
    3854,
    6341,
    6390,
    6825,
    950,
    6323,
    5891,
    4968,
    713,
    3928,
    3792
  ],
  [
    3096,
    6324,
    2989,
    1464,
    6755,
    3956,
    6737,
    2454,
    1426,
    3052,
    6800,
    2424,
    3917,
    5445,
    2374,
    5320,
    2944,
    7171,
    3078,
    3929,
    6772,
    5903,
    1448,
    1846
  ],
  [
    6350,
    2931,
    5431,
    1798,
    6284,
    6325,
    6756,
    6303,
    4783,
    6738,
    6801,
    5904
  ]
]