-11.0,5.0,
-9.0,5.0,
-9.0,5.0,
-9.0,5.0,
-7.0,5.0,
-4.0,114.0,
-4.0,114.0,
-4.0,117.0,
-4.0,117.0,
-3.0,88.0,
-3.0,88.0,
micro
0.0,0.0,-1.296682131537E12,
0.0,0.0,-1.296682131537E12,
0.0,0.0,-1.296682131353E12,
0.0,0.0,-1.296682131353E12,
0.0,0.0,-1.296682131353E12,
0.0,0.0,-1.296682131348E12,
0.0,0.0,-1.296682131348E12,
0.0,0.0,-1.296682131348E12,
0.0,0.0,-1.296682130587E12,
0.0,0.0,-1.296682130587E12,
macro
-3.0,78.0,
-3.0,86.0,
-3.0,94.0,
-3.0,94.0,
-3.0,94.0,
-3.0,95.0,
-2.0,94.0,
-2.0,95.0,
-2.0,102.0,
-2.0,102.0,
-2.0,102.0,
micro
0.0,-1.0,-1.296683903647E12,
0.0,-1.0,-1.296683835852E12,
0.0,-1.0,-1.296683835852E12,
0.0,-1.0,-1.296683835852E12,
0.0,-1.0,-1.296683835852E12,
0.0,-1.0,-1.296683835852E12,
0.0,-1.0,-1.296683835852E12,
0.0,-1.0,-1.296683835852E12,
0.0,-1.0,-1.296683835852E12,
0.0,-1.0,-1.296683829484E12,
macro
-2.0,81.0,
-2.0,92.0,
-2.0,92.0,
-2.0,105.0,
-2.0,105.0,
-2.0,105.0,
-2.0,105.0,
-2.0,105.0,
micro
0.0,0.0,-1.296685842407E12,
0.0,0.0,-1.296685842407E12,
0.0,0.0,-1.296685842407E12,
0.0,0.0,-1.296685834148E12,
0.0,0.0,-1.296685834148E12,
0.0,0.0,-1.296685834148E12,
0.0,0.0,-1.296685834148E12,
0.0,0.0,-1.296685828037E12,
0.0,0.0,-1.296685828037E12,
0.0,0.0,-1.296685827182E12,
macro
-2.0,45.0,
-2.0,45.0,
-2.0,45.0,
-2.0,45.0,
-2.0,45.0,
micro
0.0,0.0,-1.296687525929E12,
0.0,0.0,-1.296687525929E12,
0.0,0.0,-1.296687525929E12,
0.0,0.0,-1.296687525929E12,
0.0,0.0,-1.296687510285E12,
0.0,0.0,-1.296687510285E12,
0.0,0.0,-1.296687510285E12,
0.0,0.0,-1.296687510285E12,
0.0,0.0,-1.296687510285E12,
0.0,0.0,-1.296687503129E12,
macro
-2.0,11.0,
-2.0,11.0,
-2.0,11.0,
-2.0,11.0,
-2.0,11.0,
micro
-6.0,-4.0,-1.296689496197E12,
-6.0,-4.0,-1.296689348265E12,
-5.0,-3.0,-1.296689459178E12,
-5.0,-3.0,-1.296689458159E12,
-5.0,-3.0,-1.296689414617E12,
-4.0,-2.0,-1.296689423542E12,
-4.0,-2.0,-1.296689423542E12,
-3.0,-1.0,-1.296689377854E12,
-3.0,-1.0,-1.296689377854E12,
-3.0,-1.0,-1.296689377854E12,
macro
-3.0,154.0,
-3.0,168.0,
-3.0,168.0,
-3.0,172.0,
-3.0,173.0,
-3.0,173.0,
-3.0,173.0,
-3.0,173.0,
-3.0,173.0,
micro
-3.0,0.0,-1.29669110912E12,
-3.0,0.0,-1.29669110912E12,
-3.0,0.0,-1.29669110912E12,
-3.0,0.0,-1.29669110912E12,
-3.0,0.0,-1.29669110912E12,
-3.0,0.0,-1.29669110912E12,
-3.0,0.0,-1.296691104271E12,
-3.0,0.0,-1.296691104271E12,
-3.0,0.0,-1.296691104271E12,
-3.0,0.0,-1.296691104271E12,
macro
-3.0,173.0,
-3.0,173.0,
-3.0,173.0,
-3.0,173.0,
-3.0,173.0,
micro
-3.0,0.0,-1.296692936974E12,
-3.0,0.0,-1.296692936974E12,
-3.0,0.0,-1.296692936974E12,
-3.0,0.0,-1.29669292825E12,
-3.0,0.0,-1.29669292825E12,
-3.0,0.0,-1.29669292825E12,
-3.0,0.0,-1.29669292825E12,
-3.0,0.0,-1.296692927152E12,
-3.0,0.0,-1.296692927152E12,
-3.0,0.0,-1.296692927152E12,
macro
-3.0,173.0,
-3.0,178.0,
-3.0,178.0,
-3.0,178.0,
-3.0,178.0,
-3.0,178.0,
micro
-3.0,-2.0,-1.296694814374E12,
-3.0,-2.0,-1.296694814374E12,
-3.0,-2.0,-1.296694785337E12,
-3.0,-2.0,-1.296694781587E12,
-3.0,-2.0,-1.296694781587E12,
-3.0,-2.0,-1.296694773604E12,
-3.0,-2.0,-1.296694771684E12,
-3.0,-2.0,-1.296694771684E12,
-3.0,-2.0,-1.296694771684E12,
-3.0,-2.0,-1.296694763263E12,
macro
-3.0,197.0,
-3.0,198.0,
-3.0,198.0,
-3.0,198.0,
-3.0,198.0,
-3.0,198.0,
micro
-3.0,-4.0,-1.296696557234E12,
-3.0,-4.0,-1.296696557234E12,
-3.0,-4.0,-1.296696557234E12,
-3.0,-4.0,-1.296696557234E12,
-3.0,-4.0,-1.296696542282E12,
-3.0,-4.0,-1.296696542282E12,
-3.0,-4.0,-1.296696542282E12,
-3.0,-4.0,-1.296696542282E12,
-3.0,-4.0,-1.296696542282E12,
-3.0,-4.0,-1.296696531789E12,
macro
-3.0,194.0,
-3.0,194.0,
-3.0,194.0,
-3.0,194.0,
-3.0,194.0,
micro
-3.0,-4.0,-1.296698393226E12,
-3.0,-4.0,-1.296698393226E12,
-3.0,-4.0,-1.296698393226E12,
-3.0,-4.0,-1.296698393226E12,
-3.0,-4.0,-1.296698393226E12,
-3.0,-4.0,-1.296698393226E12,
-3.0,-4.0,-1.296698393226E12,
-3.0,-4.0,-1.296698393226E12,
-3.0,-4.0,-1.296698393226E12,
-3.0,-4.0,-1.296698393226E12,
macro
-4.0,187.0,
-4.0,187.0,
-4.0,187.0,
-4.0,187.0,
-4.0,187.0,
micro
-4.0,0.0,-1.2967006596E12,
-4.0,0.0,-1.2967006596E12,
-4.0,0.0,-1.29670063498E12,
-4.0,0.0,-1.296700623969E12,
-4.0,0.0,-1.296700443461E12,
-4.0,0.0,-1.296700400335E12,
-4.0,0.0,-1.296700400335E12,
-4.0,0.0,-1.296700400335E12,
-4.0,0.0,-1.296700400335E12,
-4.0,0.0,-1.296700400335E12,
macro
-4.0,436.0,
-4.0,436.0,
-4.0,436.0,
-4.0,436.0,
-4.0,436.0,
micro
-4.0,0.0,-1.296702011326E12,
-4.0,0.0,-1.296702011326E12,
-4.0,0.0,-1.296702011326E12,
-4.0,0.0,-1.296701996555E12,
-4.0,0.0,-1.296701982787E12,
-4.0,0.0,-1.296701955316E12,
-4.0,0.0,-1.296701955316E12,
-4.0,0.0,-1.296701955316E12,
-4.0,0.0,-1.296701955316E12,
-4.0,0.0,-1.296701955316E12,
macro
-4.0,1231.0,
-4.0,1231.0,
-4.0,1231.0,
-4.0,1231.0,
-4.0,1231.0,
micro
-4.0,0.0,-1.296703832777E12,
-4.0,0.0,-1.296703810453E12,
-4.0,0.0,-1.29670374251E12,
-4.0,0.0,-1.29670374251E12,
-4.0,0.0,-1.29670374251E12,
-4.0,0.0,-1.29670374251E12,
-4.0,0.0,-1.296703719664E12,
-4.0,0.0,-1.296703719664E12,
-4.0,0.0,-1.296703719664E12,
-4.0,0.0,-1.296703719664E12,
macro
-4.0,4782.0,
-4.0,4782.0,
-4.0,4782.0,
-4.0,4782.0,
-4.0,4782.0,
micro
-4.0,-1.0,-1.296703719664E12,
-4.0,-1.0,-1.296703719664E12,
-4.0,-1.0,-1.296703719664E12,
-4.0,-1.0,-1.296703719664E12,
macro
-4.0,4782.0,
-4.0,4782.0,
-4.0,4782.0,
-4.0,4782.0,
-4.0,4782.0,
micro
-4.0,-1.0,-1.296703719664E12,
-4.0,-1.0,-1.296703719664E12,
-4.0,-1.0,-1.296703719664E12,
-4.0,-1.0,-1.296703719664E12,
macro
-4.0,4782.0,
-4.0,4782.0,
-4.0,4782.0,
-4.0,4782.0,
-4.0,4782.0,
micro
-5.0,-1.0,-1.296703719664E12,
-5.0,-1.0,-1.296703719664E12,
-5.0,-1.0,-1.296703719664E12,
-5.0,-1.0,-1.296703719664E12,
macro
-5.0,9.223372036854776E15,
-5.0,9.223372036854776E15,
-5.0,9.223372036854776E15,
-5.0,9.223372036854776E15,
-5.0,9.223372036854776E15,
micro
-5.0,0.0,-1.296703719664E12,
-5.0,0.0,-1.296703719664E12,
-5.0,0.0,-1.296703719664E12,
-5.0,0.0,-1.296703719664E12,
macro
