[
  [
    744,
    1563,
    4781,
    4799,
    6986,
    959,
    6544,
    2066,
    5310,
    6997,
    876,
    3741,
    1241,
    6966,
    5352,
    6947,
    6049,
    1210,
    734,
    4864,
    687,
    705,
    1044,
    3832,
    809,
    558,
    6506,
    4826,
    5371,
    649,
    1574,
    6041,
    566,
    6517,
    639,
    1536,
    4887,
    5292,
    4875,
    667,
    2966,
    6526,
    657,
    1190,
    2055
  ],
  [
    1033,
    6948,
    1026,
    6527,
    1199,
    1219,
    5320,
    3813,
    3776,
    3784,
    3742,
    6976,
    2967,
    6998,
    5328,
    4782,
    5293,
    4827,
    1555,
    1486,
    2955,
    1230
  ],
  [
    3701,
    6004,
    6528,
    6460,
    6949,
    4828,
    3743,
    628,
    3720,
    1367
  ]
]