[
  [
    5978,
    5523,
    1418,
    1798,
    5853,
    5927,
    5940,
    7185,
    5969,
    1052,
    1284,
    932,
    5478,
    1094,
    6410,
    3117,
    1103,
    3792,
    922,
    3854,
    904,
    1290,
    6418,
    5467,
    5994,
    5486,
    4996,
    3884,
    6380,
    914,
    5959,
    1084,
    2435,
    1464,
    1066,
    3970,
    5916,
    6842,
    1074,
    4945,
    1862,
    1113,
    5015
  ],
  [
    2989,
    6314,
    7171,
    2467,
    4954,
    5986,
    1053,
    5328,
    3893,
    2497,
    5504,
    784,
    456,
    2486,
    4997,
    5044
  ],
  [
    7172,
    5799,
    2931,
    3957,
    3035,
    3803,
    6834,
    5446,
    3842,
    2968,
    3947,
    4916,
    6801
  ]
]