[
  [
    3792,
    1798,
    1418,
    2105,
    6834,
    886,
    5978,
    950,
    932,
    1290,
    5444,
    1862,
    754,
    1854,
    3117,
    5486,
    3006,
    3970,
    3884,
    5959,
    4953,
    3077,
    764,
    5927,
    5969,
    5512,
    5523,
    687,
    4996,
    1074,
    6418,
    5994,
    6410,
    4945,
    865
  ],
  [
    2486,
    3069,
    3078,
    1426,
    6314,
    433,
    4954,
    5445,
    7171,
    1464,
    6380,
    5940,
    784,
    1053,
    456,
    5986,
    4997,
    3106,
    2467,
    2435,
    5504,
    2497
  ],
  [
    5799,
    3957,
    4998,
    612,
    7172,
    4955,
    3947,
    3803,
    3842,
    5446,
    2968
  ],
  [
    5024,
    5951
  ]
]