[
  [
    4807,
    6526,
    809,
    542,
    4799,
    959,
    1536,
    1190,
    4781,
    6966,
    4875,
    586,
    4826,
    1210,
    6997,
    734,
    2055,
    3815,
    1574,
    705,
    558,
    876,
    6986,
    6506,
    649,
    6947,
    657,
    1241,
    566,
    5371,
    3832,
    5292,
    667,
    5352,
    5310,
    2966,
    6544,
    4864,
    6517,
    6049
  ],
  [
    4885,
    6948,
    2066,
    1555,
    1219,
    4782,
    2967,
    4827,
    1199,
    3776,
    6527,
    6998,
    5328,
    1486,
    3784,
    6976,
    5320,
    2955,
    1033,
    5293
  ],
  [
    6528,
    6949,
    3720,
    3701,
    1367,
    5294,
    3743,
    6460,
    6004
  ]
]