[
  [
    6595,
    5015,
    2467,
    5478,
    6557,
    1113,
    6627,
    6614,
    7035,
    4887,
    819,
    7089,
    6114,
    6576,
    2435,
    5444,
    7026,
    6131,
    3106,
    1298,
    6070,
    5994,
    6097,
    6089,
    5024,
    1610,
    7070,
    7050,
    3893,
    3906,
    1593,
    7107,
    6648,
    1585,
    1263,
    6603,
    2074,
    1094,
    1282,
    6105,
    7098
  ],
  [
    7036,
    1045,
    6071,
    4985,
    5495,
    7071,
    5445,
    1252,
    6558,
    3813,
    3876,
    7108,
    612,
    784,
    6577,
    2992,
    3060,
    1271
  ],
  [
    3079,
    7037,
    7072,
    5446,
    4888,
    7060,
    4928,
    7109,
    4998
  ]
]