[
  [
    1418,
    904,
    1604,
    5044,
    1074,
    3006,
    6314,
    4977,
    914,
    2991,
    4953,
    5978,
    5969,
    3865,
    1290,
    724,
    5486,
    1854,
    1862,
    865,
    1825,
    6410,
    6399,
    5959,
    819,
    4996,
    5916,
    5523,
    6418,
    1084,
    5467,
    1044,
    3970,
    3884,
    1113
  ],
  [
    5504,
    2486,
    1833,
    3069,
    4997,
    5320,
    2416,
    6834,
    4954,
    5986,
    3106,
    6380,
    1053,
    2374,
    456,
    2497,
    2475,
    357
  ],
  [
    7172,
    3803,
    5799,
    4916,
    2968,
    3957,
    3947,
    5904,
    6284,
    3035,
    4955,
    5446,
    3842,
    433
  ],
  [
    5951
  ]
]