-10.0,5.0,
-9.0,0.0,
-8.0,0.0,
-6.0,0.0,
-6.0,0.0,
-6.0,0.0,
-5.0,34.0,
-4.0,0.0,
-4.0,34.0,
-3.0,4.0,
-3.0,4.0,
micro
0.0,0.0,-1.296682126554E12,
0.0,0.0,-1.296682126554E12,
0.0,0.0,-1.296682126554E12,
0.0,0.0,-1.296682126554E12,
0.0,0.0,-1.296682126554E12,
0.0,0.0,-1.296682126554E12,
0.0,0.0,-1.296682126554E12,
macro
-3.0,105.0,
-3.0,117.0,
-1.0,0.0,
-1.0,0.0,
-1.0,0.0,
-1.0,0.0,
-1.0,0.0,
micro
0.0,0.0,-1.296683901335E12,
0.0,0.0,-1.296683901335E12,
0.0,0.0,-1.296683882703E12,
0.0,0.0,-1.296683882703E12,
0.0,0.0,-1.296683882703E12,
0.0,0.0,-1.296683870008E12,
0.0,0.0,-1.296683870008E12,
0.0,0.0,-1.296683840808E12,
0.0,0.0,-1.296683840808E12,
0.0,0.0,-1.296683840808E12,
macro
-1.0,0.0,
-1.0,0.0,
-1.0,6.0,
-1.0,6.0,
-1.0,6.0,
-1.0,6.0,
-1.0,6.0,
micro
0.0,0.0,-1.296685780366E12,
0.0,0.0,-1.296685780366E12,
0.0,0.0,-1.296685769497E12,
0.0,0.0,-1.296685764793E12,
0.0,0.0,-1.296685747488E12,
0.0,0.0,-1.296685747488E12,
0.0,0.0,-1.296685723513E12,
0.0,0.0,-1.296685723513E12,
0.0,0.0,-1.296685723513E12,
0.0,0.0,-1.296685723513E12,
macro
-2.0,9.0,
-2.0,21.0,
-2.0,21.0,
-2.0,21.0,
-2.0,21.0,
-2.0,21.0,
micro
0.0,0.0,-1.296687524966E12,
0.0,0.0,-1.296687524966E12,
0.0,0.0,-1.296687506649E12,
0.0,0.0,-1.296687495399E12,
0.0,0.0,-1.296687495399E12,
0.0,0.0,-1.296687491964E12,
0.0,0.0,-1.296687480436E12,
0.0,0.0,-1.296687480436E12,
0.0,0.0,-1.296687469457E12,
0.0,0.0,-1.296687469457E12,
macro
-2.0,23.0,
-2.0,23.0,
-2.0,23.0,
-2.0,23.0,
-2.0,23.0,
micro
-4.0,-2.0,-1.296689388177E12,
-3.0,-1.0,-1.296689510386E12,
-3.0,-1.0,-1.296689347251E12,
-3.0,-1.0,-1.296689309303E12,
-3.0,-1.0,-1.296689309303E12,
-3.0,-1.0,-1.296689309303E12,
-3.0,-1.0,-1.296689309303E12,
-3.0,-1.0,-1.296689281415E12,
-3.0,-1.0,-1.296689281415E12,
-3.0,-1.0,-1.296689281415E12,
macro
-3.0,132.0,
-3.0,132.0,
-3.0,150.0,
-3.0,178.0,
-3.0,181.0,
-3.0,181.0,
-3.0,183.0,
-3.0,183.0,
-3.0,183.0,
-3.0,183.0,
-3.0,183.0,
micro
-3.0,0.0,-1.296691204222E12,
-3.0,0.0,-1.296691190223E12,
-3.0,0.0,-1.296691190223E12,
-3.0,0.0,-1.296691154642E12,
-3.0,0.0,-1.296691154642E12,
-3.0,0.0,-1.296691154642E12,
-3.0,0.0,-1.29669113681E12,
-3.0,0.0,-1.29669113681E12,
-3.0,0.0,-1.29669113681E12,
-3.0,0.0,-1.296691133278E12,
macro
-3.0,161.0,
-3.0,180.0,
-3.0,188.0,
-3.0,194.0,
-3.0,194.0,
-3.0,194.0,
-3.0,194.0,
-3.0,201.0,
-3.0,201.0,
-3.0,201.0,
-3.0,201.0,
micro
-3.0,0.0,-1.296693167361E12,
-3.0,0.0,-1.29669307569E12,
-3.0,0.0,-1.296693065552E12,
-3.0,0.0,-1.296692990506E12,
-3.0,0.0,-1.296692978344E12,
-3.0,0.0,-1.296692967457E12,
-3.0,0.0,-1.296692949288E12,
-3.0,0.0,-1.296692949288E12,
-3.0,0.0,-1.296692926249E12,
-3.0,0.0,-1.296692921558E12,
macro
-3.0,158.0,
-3.0,187.0,
-3.0,195.0,
-3.0,195.0,
-3.0,195.0,
-3.0,195.0,
-3.0,195.0,
micro
-3.0,-2.0,-1.296694732956E12,
-3.0,-2.0,-1.296694732956E12,
-3.0,-2.0,-1.296694716008E12,
-3.0,-2.0,-1.296694695259E12,
-3.0,-2.0,-1.296694681734E12,
-3.0,-2.0,-1.296694681734E12,
-3.0,-2.0,-1.296694680221E12,
-3.0,-2.0,-1.296694671863E12,
-3.0,-2.0,-1.296694671863E12,
-3.0,-2.0,-1.296694671863E12,
macro
-3.0,197.0,
-3.0,209.0,
-3.0,209.0,
-3.0,209.0,
-3.0,209.0,
-3.0,210.0,
-3.0,216.0,
-3.0,216.0,
-3.0,216.0,
-3.0,216.0,
-3.0,216.0,
micro
-3.0,-2.0,-1.296696587171E12,
-3.0,-2.0,-1.296696545924E12,
-3.0,-2.0,-1.296696545924E12,
-3.0,-2.0,-1.296696523126E12,
-3.0,-2.0,-1.296696523126E12,
-3.0,-2.0,-1.296696523126E12,
-3.0,-2.0,-1.296696523126E12,
-3.0,-2.0,-1.296696523126E12,
-3.0,-2.0,-1.296696519142E12,
-3.0,-2.0,-1.296696519142E12,
macro
-3.0,199.0,
-3.0,199.0,
-3.0,199.0,
-3.0,199.0,
-3.0,199.0,
micro
-3.0,-4.0,-1.296698392456E12,
-3.0,-4.0,-1.296698392456E12,
-3.0,-4.0,-1.296698380059E12,
-3.0,-4.0,-1.29669837949E12,
-3.0,-4.0,-1.29669837949E12,
-3.0,-4.0,-1.296698374769E12,
-3.0,-4.0,-1.296698374769E12,
-3.0,-4.0,-1.296698374769E12,
-3.0,-4.0,-1.296698374769E12,
-3.0,-4.0,-1.296698370655E12,
macro
-4.0,119.0,
-4.0,119.0,
-4.0,119.0,
-4.0,119.0,
-4.0,119.0,
micro
-6.0,-2.0,-1.29670044205E12,
-5.0,-1.0,-1.296700677605E12,
-5.0,-1.0,-1.2967005598E12,
-4.0,-1.0,-1.296700733085E12,
-4.0,0.0,-1.296700673177E12,
-4.0,0.0,-1.296700607754E12,
-4.0,0.0,-1.296700536998E12,
-4.0,0.0,-1.296700465431E12,
-4.0,0.0,-1.29670045527E12,
-4.0,0.0,-1.29670045527E12,
macro
-4.0,645.0,
-4.0,645.0,
-4.0,645.0,
-4.0,645.0,
-4.0,645.0,
micro
-4.0,0.0,-1.296701942459E12,
-4.0,0.0,-1.296701929758E12,
-4.0,0.0,-1.296701929758E12,
-4.0,0.0,-1.296701908341E12,
-4.0,0.0,-1.296701908341E12,
-4.0,0.0,-1.296701908341E12,
-4.0,0.0,-1.296701908341E12,
-4.0,0.0,-1.296701908341E12,
-4.0,0.0,-1.296701908341E12,
-4.0,0.0,-1.296701901838E12,
macro
-4.0,1458.0,
-4.0,1458.0,
-4.0,1458.0,
-4.0,1458.0,
-4.0,1458.0,
micro
-4.0,0.0,-1.29670372145E12,
-4.0,0.0,-1.296703674364E12,
-4.0,0.0,-1.296703674364E12,
-4.0,0.0,-1.296703651836E12,
-4.0,0.0,-1.296703651836E12,
-4.0,0.0,-1.29670360467E12,
-4.0,0.0,-1.29670360467E12,
-4.0,0.0,-1.29670360467E12,
-4.0,0.0,-1.29670360467E12,
-4.0,0.0,-1.29670360467E12,
macro
-4.0,9.223372036854776E15,
-4.0,9.223372036854776E15,
-4.0,9.223372036854776E15,
-4.0,9.223372036854776E15,
-4.0,9.223372036854776E15,
micro
-4.0,0.0,-1.29670360467E12,
-4.0,0.0,-1.29670360467E12,
-4.0,0.0,-1.29670360467E12,
-4.0,0.0,-1.29670360467E12,
macro
-4.0,9.223372036854776E15,
-4.0,9.223372036854776E15,
-4.0,9.223372036854776E15,
-4.0,9.223372036854776E15,
-4.0,9.223372036854776E15,
micro
-4.0,0.0,-1.29670360467E12,
-4.0,0.0,-1.29670360467E12,
-4.0,0.0,-1.29670360467E12,
-4.0,0.0,-1.29670360467E12,
macro
-4.0,9.223372036854776E15,
-4.0,9.223372036854776E15,
-4.0,9.223372036854776E15,
-4.0,9.223372036854776E15,
-4.0,9.223372036854776E15,
micro
-4.0,0.0,-1.29670360467E12,
-4.0,0.0,-1.29670360467E12,
-4.0,0.0,-1.29670360467E12,
-4.0,0.0,-1.29670360467E12,
macro
-4.0,9.223372036854776E15,
-4.0,9.223372036854776E15,
-4.0,9.223372036854776E15,
-4.0,9.223372036854776E15,
-4.0,9.223372036854776E15,
micro
-4.0,0.0,-1.29670360467E12,
-4.0,0.0,-1.29670360467E12,
-4.0,0.0,-1.29670360467E12,
-4.0,0.0,-1.29670360467E12,
macro
