[
  [
    4244,
    4217,
    4398,
    3989,
    4184,
    432,
    4349,
    3219,
    1013,
    215,
    4285,
    4319,
    1025,
    1032,
    38,
    4435,
    54,
    46,
    4334,
    90,
    1308,
    3431,
    80,
    2213,
    4413,
    4495,
    62,
    4422,
    4374,
    0,
    20,
    4270,
    1004,
    1365,
    1621,
    4033,
    281,
    2729,
    356,
    4453,
    4462,
    4167,
    4444,
    989,
    10,
    3317,
    30,
    4300,
    98
  ],
  [
    4185,
    3479,
    3990,
    4245,
    1622,
    4375,
    990,
    3220,
    4399,
    1309,
    4271,
    4008,
    3432,
    2214,
    4286,
    1366,
    4350,
    4335,
    2730,
    4301,
    4104,
    4389,
    4218,
    4320,
    4506
  ],
  [
    4219,
    4336,
    3991,
    4186,
    4351,
    4287,
    4321,
    3433,
    4376
  ]
]