[
  [
    3445,
    4499,
    3325,
    159,
    101,
    4106,
    4530,
    301,
    3194,
    111,
    3851,
    141,
    3963,
    3209,
    443,
    2638,
    4580,
    3344,
    149,
    3430,
    5102,
    121,
    4612,
    4604,
    4456,
    5110,
    4474,
    4643,
    3119,
    91,
    1894,
    131,
    82
  ],
  [
    2771,
    4088,
    5092,
    4465,
    2790,
    3397,
    3860,
    4491,
    3335,
    3795,
    3446,
    3316,
    5083,
    3431,
    5121,
    3195
  ],
  [
    3432,
    3700,
    3259,
    3059,
    4280,
    3196,
    3761,
    4543,
    3524,
    4310,
    3478,
    4510
  ],
  [
    3468
  ],
  [
    4431
  ]
]