[
  [
    292,
    6688,
    2420,
    335,
    4780,
    4805,
    4685,
    2412,
    1567,
    3011,
    1597,
    386,
    2987,
    5272,
    6890,
    1666,
    319,
    1639,
    1658,
    4771,
    433,
    2445,
    3803,
    3408,
    309,
    3072,
    2166,
    2950
  ],
  [
    3814,
    2384,
    2961,
    2978,
    4760,
    6911,
    6284,
    2657,
    2894,
    1039,
    1114,
    1497,
    1032,
    2083,
    6063,
    2913,
    2103
  ],
  [
    3447,
    2262,
    2008,
    2835,
    2640,
    1050,
    4792,
    1411,
    3181,
    5234,
    5804
  ]
]