[
  [
    1810,
    170,
    4541,
    4308,
    1038,
    2036,
    3954,
    3057,
    18,
    3179,
    4327,
    3759,
    3679,
    4278,
    1023,
    1069,
    2833,
    34,
    1048,
    1372,
    3660,
    4522,
    3494,
    235,
    91,
    4370,
    4415,
    4010,
    10,
    1031,
    4559,
    64,
    2260,
    3532,
    4508,
    3869,
    4293,
    0,
    366,
    44,
    3257,
    3476,
    3516,
    1409,
    72,
    26,
    54,
    3698
  ],
  [
    4423,
    4362,
    4542,
    4294,
    3680,
    3661,
    3945,
    3258,
    2834,
    3760,
    1410,
    3058,
    4328,
    1811,
    3180,
    2261,
    3533,
    4309,
    1049,
    3477,
    3699,
    4279,
    4096,
    4591,
    4371,
    3870,
    4509,
    2037
  ],
  [
    4372,
    4329
  ]
]