[
  [
    6060,
    2929,
    1168,
    1458,
    489,
    1060,
    1906,
    6927,
    6458,
    2597,
    1520,
    6897,
    5559,
    602,
    6473,
    620,
    6889,
    6497,
    576,
    2028,
    1503,
    2633,
    2418,
    6488,
    317,
    5551,
    479,
    6916,
    6447,
    2617,
    1547,
    6936,
    307,
    1044,
    1964
  ],
  [
    1528,
    1179,
    6459,
    1005,
    1475,
    2047,
    2039,
    3680,
    6898,
    2930,
    1160,
    2625,
    2006,
    3755,
    4815,
    6474
  ],
  [
    6429,
    6899,
    6439,
    4748,
    5534,
    4807,
    2262,
    1695,
    1310,
    6475,
    1679,
    6853
  ],
  [
    1495,
    2066,
    1511
  ],
  [
    1917,
    1026
  ]
]