[
  [
    1418,
    1798,
    5940,
    1290,
    1284,
    6410,
    5969,
    5504,
    2435,
    2646,
    5486,
    1298,
    819,
    3117,
    3006,
    1464,
    4887,
    4996,
    5523,
    1084,
    1846,
    932,
    5467,
    5916,
    5015,
    5478,
    5994,
    6418,
    914,
    5959,
    1854,
    1862,
    3792,
    5978,
    3970,
    5459,
    6399,
    1074
  ],
  [
    6314,
    7171,
    3947,
    2486,
    1053,
    3106,
    2475,
    2989,
    6380,
    456,
    2467,
    3069,
    4997,
    5986,
    1873,
    2497,
    784
  ],
  [
    7172,
    4998,
    2968,
    5446,
    3803,
    5799,
    3842,
    4955,
    4828,
    3957,
    5024,
    4916,
    612,
    6834
  ],
  [
    5951
  ]
]