[
  [
    3570,
    287,
    3699,
    225,
    6676,
    1537,
    4637,
    2243,
    2882,
    2261,
    3353,
    6214,
    5751,
    6195,
    1162,
    4113,
    337,
    2866,
    6657,
    4735,
    297,
    3292,
    1530,
    1132,
    188,
    2562,
    4016,
    699,
    2279,
    1713,
    269,
    6693,
    327,
    5168,
    4563,
    2506,
    463,
    2287,
    4041,
    2700,
    2232,
    3718
  ],
  [
    1343,
    5643,
    4176,
    3688,
    5235,
    1327,
    2298,
    2205,
    6685,
    6658,
    2573,
    3532,
    2883,
    3719,
    6196,
    2269,
    3700,
    1354
  ],
  [
    2215,
    6176,
    1700,
    3264,
    4678,
    6197,
    3615,
    4473,
    6187,
    3553
  ],
  [
    1649,
    3631,
    1657
  ],
  [
    4400,
    4688
  ],
  [
    1935
  ]
]