[
  [
    4953,
    6399,
    1290,
    5978,
    2646,
    5986,
    3117,
    3884,
    819,
    904,
    1862,
    1464,
    5486,
    5927,
    2991,
    5523,
    979,
    4996,
    932,
    5467,
    914,
    1084,
    1798,
    5459,
    5959,
    1074,
    687,
    6418,
    1854,
    1066,
    3792,
    950,
    4887,
    764,
    4945,
    5969,
    3970
  ],
  [
    3813,
    2497,
    7171,
    5015,
    4954,
    4997,
    1053,
    456,
    2475,
    3069,
    6834,
    3106,
    2486,
    2435,
    5504,
    6380,
    3917
  ],
  [
    7172,
    3947,
    433,
    5799,
    6801,
    4955,
    2968,
    3803,
    3957,
    3035
  ],
  [
    5951,
    5024
  ]
]