[
  [
    6997,
    1604,
    5412,
    764,
    724,
    1814,
    1587,
    2396,
    705,
    5861,
    894,
    837,
    855,
    5403,
    5836,
    2991,
    4914,
    2966,
    6275,
    774,
    6293,
    5384,
    5891,
    5883,
    754,
    4875,
    5310,
    5844,
    3014,
    799,
    827,
    5872,
    566,
    845,
    2405
  ],
  [
    4845,
    2997,
    2416,
    6998,
    4915,
    3854,
    5385,
    2363,
    5798,
    2374,
    2980,
    5360,
    4856,
    2967,
    3025,
    5828
  ],
  [
    5386,
    6284,
    4893,
    6999,
    1367,
    2385,
    2884,
    5294
  ],
  [
    4937
  ],
  [
    1806
  ]
]