[
  [
    4637,
    3718,
    6195,
    2866,
    2232,
    1713,
    699,
    463,
    188,
    3699,
    6693,
    327,
    269,
    6676,
    243,
    337,
    4678,
    6222,
    6657,
    2287,
    4016,
    3672,
    5762,
    2562,
    441,
    225,
    4735,
    2041,
    5731,
    3371,
    5201,
    4563,
    1549,
    287,
    1162,
    2882,
    6214,
    2279
  ],
  [
    6196,
    3680,
    6685,
    2573,
    3700,
    1327,
    3391,
    1354,
    1692,
    3662,
    3719,
    2883,
    5177,
    1343,
    3688,
    3532,
    6658,
    5235,
    2814,
    3631
  ],
  [
    5751,
    4688,
    1700,
    3319,
    4129,
    3615,
    6187,
    6176,
    2260,
    2788,
    2215
  ],
  [
    4148,
    4095,
    1649,
    1657
  ],
  [
    4259
  ]
]