[
  [
    6049,
    5883,
    2405,
    5836,
    2396,
    5384,
    6997,
    1427,
    558,
    837,
    5872,
    5338,
    6293,
    6275,
    5310,
    5844,
    827,
    5891,
    724,
    4887,
    1834,
    5403,
    5412,
    2966,
    3014,
    5861,
    4875,
    1284,
    5352,
    845,
    677,
    705,
    1814,
    894,
    799,
    774,
    566
  ],
  [
    6998,
    2997,
    3813,
    2980,
    3025,
    2374,
    5385,
    2363,
    4845,
    5339,
    5798,
    3763,
    5828,
    5328,
    4856,
    5360,
    5853,
    2967
  ],
  [
    5815,
    6999,
    4893,
    1367,
    5340,
    2385,
    5386,
    4783,
    713,
    3006,
    5294,
    6284,
    2884,
    3720
  ],
  [
    4937
  ],
  [
    1806
  ]
]