[
  [
    6916,
    576,
    1168,
    2006,
    6458,
    6447,
    1808,
    6497,
    6889,
    479,
    2344,
    6897,
    6866,
    602,
    307,
    1547,
    2857,
    317,
    1977,
    1520,
    6927,
    2617,
    3733,
    6936,
    6473,
    620,
    6033,
    1997,
    489,
    6016,
    2418,
    2028,
    6060
  ],
  [
    2930,
    4707,
    6474,
    1160,
    6898,
    1149,
    1179,
    2625,
    3742,
    1528,
    1130,
    1121,
    6459,
    5275,
    1475,
    2633,
    3755,
    1536,
    2039
  ],
  [
    1310,
    6876,
    1964,
    6899,
    6429,
    2597,
    6853,
    1695,
    6439,
    5259,
    2319,
    6475
  ],
  [
    1511,
    1495
  ],
  [
    1917
  ]
]