-15.0,54.10285876392419,
-14.0,54.10060771846092,
-8.0,54.36478356614466,
-8.0,54.534465046676665,
-7.0,54.77358785057009,
-4.0,54.24870771750726,
-4.0,54.35720679616297,
-4.0,54.35720679616297,
-4.0,54.818569335791544,
-3.0,54.5836728039295,
-3.0,54.61257873530653,
micro
0.0,0.0,-1.296682040013E12,
0.0,0.0,-1.296682033722E12,
0.0,0.0,-1.296682033722E12,
0.0,0.0,-1.296682033722E12,
0.0,0.0,-1.296682019721E12,
0.0,0.0,-1.296682019721E12,
0.0,0.0,-1.296682019721E12,
0.0,0.0,-1.296682019721E12,
0.0,0.0,-1.296682019721E12,
0.0,0.0,-1.296682017911E12,
macro
-2.0,53.34180110785124,
-2.0,53.37650879616286,
-2.0,53.866443402472456,
-1.0,53.68829980785433,
-1.0,53.70988208883299,
-1.0,53.84001660979344,
-1.0,53.84001660979344,
-1.0,53.85031790568321,
-1.0,54.14620175305877,
-1.0,54.23962364621055,
-1.0,54.23962364621055,
micro
0.0,0.0,-1.296683984903E12,
0.0,0.0,-1.296683984903E12,
0.0,0.0,-1.296683946998E12,
0.0,0.0,-1.296683946998E12,
0.0,0.0,-1.296683946998E12,
0.0,0.0,-1.296683909861E12,
0.0,0.0,-1.296683909861E12,
0.0,0.0,-1.296683909861E12,
0.0,0.0,-1.296683909861E12,
0.0,0.0,-1.296683900045E12,
macro
-1.0,52.92139047178164,
-1.0,52.921974444968086,
-1.0,52.97831979008675,
-1.0,52.97831979008675,
-1.0,53.09050550585969,
-1.0,53.12062698186967,
-1.0,53.123539911795675,
-1.0,53.13184823664012,
-1.0,53.13692112341145,
-1.0,53.20199791799405,
-1.0,53.26625519307138,
micro
0.0,0.0,-1.296685856828E12,
0.0,0.0,-1.296685856828E12,
0.0,0.0,-1.296685814041E12,
0.0,0.0,-1.296685814041E12,
0.0,0.0,-1.296685814041E12,
0.0,0.0,-1.296685757249E12,
0.0,0.0,-1.296685757249E12,
0.0,0.0,-1.296685757249E12,
0.0,0.0,-1.296685757249E12,
0.0,0.0,-1.296685757249E12,
macro
-2.0,51.79442133803453,
-2.0,51.8514876228472,
-2.0,51.871594365909644,
-2.0,51.8718297078685,
-2.0,51.8718297078685,
-2.0,51.8718297078685,
-2.0,51.9301565527487,
-2.0,51.95191804541737,
-2.0,51.95806246732737,
-2.0,51.95806246732737,
-2.0,51.95872276114715,
micro
0.0,0.0,-1.296687563514E12,
0.0,0.0,-1.296687548883E12,
0.0,0.0,-1.296687548883E12,
0.0,0.0,-1.296687548883E12,
0.0,0.0,-1.296687539956E12,
0.0,0.0,-1.296687539956E12,
0.0,0.0,-1.296687503641E12,
0.0,0.0,-1.296687503641E12,
0.0,0.0,-1.296687503641E12,
0.0,0.0,-1.296687488887E12,
macro
-3.0,49.71939644581977,
-3.0,49.76674346462354,
-3.0,49.82464581547664,
-3.0,49.82464581547664,
-3.0,49.933186378444866,
-3.0,49.93361584195553,
-3.0,49.9357617050519,
-3.0,49.93698063276591,
-3.0,49.93899714909679,
-3.0,49.93899714909679,
-3.0,49.93899714909679,
micro
-5.0,-3.0,-1.296689562909E12,
-4.0,-1.0,-1.296689483394E12,
-4.0,-1.0,-1.296689483394E12,
-3.0,0.0,-1.29668956191E12,
-3.0,0.0,-1.2966895531E12,
-3.0,0.0,-1.29668949862E12,
-3.0,0.0,-1.29668944506E12,
-3.0,0.0,-1.296689441761E12,
-3.0,0.0,-1.296689441761E12,
-3.0,0.0,-1.296689426993E12,
macro
-3.0,46.41618811013346,
-3.0,47.00772191188543,
-3.0,47.230539921748516,
-3.0,47.467449717127934,
-3.0,47.47371340128571,
-3.0,47.48742618567415,
-3.0,47.48742618567415,
-3.0,47.489074576898815,
-3.0,47.489074576898815,
-3.0,47.49602971102237,
-3.0,47.49602971102237,
micro
-3.0,0.0,-1.296691281586E12,
-3.0,0.0,-1.29669122969E12,
-3.0,0.0,-1.296691164654E12,
-3.0,0.0,-1.296691164654E12,
-3.0,0.0,-1.296691164654E12,
-3.0,0.0,-1.296691164654E12,
-3.0,0.0,-1.296691164654E12,
-3.0,0.0,-1.296691164654E12,
-3.0,0.0,-1.296691164654E12,
-3.0,0.0,-1.296691164654E12,
macro
-3.0,44.678938305158375,
-3.0,44.728628654075926,
-3.0,44.730636422744254,
-3.0,44.731268628731584,
-3.0,44.73553710605514,
-3.0,44.73786103492381,
-3.0,44.73822813666248,
-3.0,44.75004127334292,
-3.0,44.75004127334292,
-3.0,44.7598425468327,
-3.0,44.76024279995803,
micro
-3.0,0.0,-1.296693064777E12,
-3.0,0.0,-1.29669299311E12,
-3.0,0.0,-1.296692990727E12,
-3.0,0.0,-1.296692990727E12,
-3.0,0.0,-1.2966929814E12,
-3.0,0.0,-1.296692970237E12,
-3.0,0.0,-1.296692970237E12,
-3.0,0.0,-1.296692966922E12,
-3.0,0.0,-1.296692964764E12,
-3.0,0.0,-1.296692964764E12,
macro
-3.0,42.45402324657678,
-3.0,42.45402324657678,
-3.0,42.457876727512115,
-3.0,42.46416728328901,
-3.0,42.46632226905096,
-3.0,42.467829045049626,
-3.0,42.467829045049626,
-3.0,42.467829045049626,
-3.0,42.467829045049626,
-3.0,42.467829045049626,
micro
-3.0,-2.0,-1.296694699738E12,
-3.0,-2.0,-1.296694699738E12,
-3.0,-2.0,-1.296694694457E12,
-3.0,-2.0,-1.296694660092E12,
-3.0,-2.0,-1.296694652704E12,
-3.0,-2.0,-1.296694652704E12,
-3.0,-2.0,-1.296694652704E12,
-3.0,-2.0,-1.296694652704E12,
-3.0,-2.0,-1.296694652704E12,
-3.0,-2.0,-1.296694652704E12,
macro
-4.0,39.46467112915768,
-3.0,39.54544368411145,
-3.0,39.54544368411145,
-3.0,39.54789874996164,
-3.0,39.574560212312974,
-3.0,39.574560212312974,
-3.0,39.652673893752535,
-3.0,39.65639117277831,
-3.0,39.7720004957692,
-3.0,39.78010356290809,
-3.0,39.78010356290809,
micro
-3.0,-6.0,-1.296696582628E12,
-3.0,-6.0,-1.296696553732E12,
-3.0,-6.0,-1.296696553732E12,
-3.0,-6.0,-1.296696553732E12,
-3.0,-6.0,-1.296696553732E12,
-3.0,-6.0,-1.296696522459E12,
-3.0,-6.0,-1.296696522459E12,
-3.0,-6.0,-1.296696522459E12,
-3.0,-6.0,-1.296696522459E12,
-3.0,-6.0,-1.29669651673E12,
macro
-3.0,36.97699137721543,
-3.0,37.007990697684654,
-3.0,37.016522799622436,
-3.0,37.01664755162574,
-3.0,37.01664755162574,
-3.0,37.01664755162574,
-3.0,37.01664755162574,
-3.0,37.01664755162574,
micro
-3.0,-8.0,-1.296698268542E12,
-3.0,-8.0,-1.296698268542E12,
-3.0,-8.0,-1.296698268542E12,
-3.0,-8.0,-1.296698268542E12,
-3.0,-8.0,-1.296698268542E12,
-3.0,-8.0,-1.296698268542E12,
-3.0,-8.0,-1.296698268542E12,
-3.0,-8.0,-1.296698268542E12,
-3.0,-8.0,-1.296698267711E12,
-3.0,-8.0,-1.29669826763E12,
macro
-3.0,34.40370552216788,
-3.0,34.40533440526499,
-3.0,34.40533440526499,
-3.0,34.40533440526499,
-3.0,34.40533440526499,
-3.0,34.40533440526499,
micro
-9.0,-8.0,-1.296700292906E12,
-7.0,-6.0,-1.29670026053E12,
-7.0,-6.0,-1.29670026053E12,
-6.0,-5.0,-1.296700392727E12,
-6.0,-5.0,-1.296700272082E12,
-6.0,-5.0,-1.29670025644E12,
-6.0,-5.0,-1.29670025644E12,
-6.0,-5.0,-1.29670025644E12,
-6.0,-5.0,-1.296700246913E12,
-6.0,-5.0,-1.296700194083E12,
macro
-6.0,31.155660468516693,
-6.0,31.155660468516693,
-6.0,31.155660468516693,
-6.0,31.155660468516693,
-6.0,31.155660468516693,
micro
-11.0,-4.0,-1.2967024887E12,
-11.0,-4.0,-1.2967024887E12,
-11.0,-1.0,-1.296702510832E12,
-10.0,0.0,-1.296702508127E12,
-10.0,0.0,-1.296702508127E12,
-10.0,0.0,-1.296702508127E12,
-10.0,0.0,-1.296702508127E12,
-10.0,0.0,-1.296702508127E12,
-8.0,0.0,-1.296702471091E12,
-8.0,0.0,-1.296702471091E12,
macro
-8.0,27.59318838814975,
-8.0,27.59318838814975,
-8.0,27.59318838814975,
-8.0,27.59318838814975,
-8.0,27.59318838814975,
micro
-9.0,-1.0,-1.296703788165E12,
-8.0,0.0,-1.29670388431E12,
-8.0,0.0,-1.29670381848E12,
-8.0,0.0,-1.29670381848E12,
-8.0,0.0,-1.29670381848E12,
-8.0,0.0,-1.296703795489E12,
-8.0,0.0,-1.296703770604E12,
-8.0,0.0,-1.296703745787E12,
-8.0,0.0,-1.296703738997E12,
-8.0,0.0,-1.296703673244E12,
macro
-8.0,25.7878305270732,
-8.0,25.7878305270732,
-8.0,25.7878305270732,
-8.0,25.7878305270732,
-8.0,25.7878305270732,
micro
-8.0,-1.0,-1.296703673244E12,
-8.0,-1.0,-1.296703673244E12,
-8.0,-1.0,-1.296703673244E12,
-8.0,-1.0,-1.296703673244E12,
macro
-8.0,25.7878305270732,
-8.0,25.7878305270732,
-8.0,25.7878305270732,
-8.0,25.7878305270732,
-8.0,25.7878305270732,
micro
-8.0,-1.0,-1.296703673244E12,
-8.0,-1.0,-1.296703673244E12,
-8.0,-1.0,-1.296703673244E12,
-8.0,-1.0,-1.296703673244E12,
macro
-8.0,25.7878305270732,
-8.0,25.7878305270732,
-8.0,25.7878305270732,
-8.0,25.7878305270732,
-8.0,25.7878305270732,
micro
-9.0,-1.0,-1.296703673244E12,
-9.0,-1.0,-1.296703673244E12,
-9.0,-1.0,-1.296703673244E12,
-9.0,-1.0,-1.296703673244E12,
macro
-9.0,25.87164908974095,
-9.0,25.87164908974095,
-9.0,25.87164908974095,
-9.0,25.87164908974095,
-9.0,25.87164908974095,
micro
-9.0,0.0,-1.296703673244E12,
-9.0,0.0,-1.296703673244E12,
-9.0,0.0,-1.296703673244E12,
-9.0,0.0,-1.296703673244E12,
macro
