[
  [
    1298,
    1418,
    2646,
    6314,
    4887,
    3792,
    6341,
    1094,
    1284,
    6399,
    855,
    940,
    3854,
    5486,
    5969,
    3865,
    5015,
    5978,
    2435,
    1464,
    5467,
    3006,
    5940,
    1825,
    1113,
    6418,
    6410,
    4845,
    1846,
    3970,
    5994,
    1854,
    5044,
    5916,
    4945,
    5504
  ],
  [
    1045,
    2486,
    2475,
    2497,
    456,
    2989,
    1053,
    6380,
    2416,
    1873,
    3947,
    784,
    5986,
    3069,
    3813,
    1061
  ],
  [
    5446,
    7172,
    5024,
    2931,
    3079,
    4828,
    3957,
    529,
    5799,
    3803,
    6834,
    4888,
    2968,
    4916,
    612
  ],
  [
    5951
  ]
]