[
  [
    7152,
    1522,
    7122,
    783,
    6701,
    3353,
    4050,
    3413,
    1399,
    3342,
    1775,
    5248,
    2608,
    4473,
    4085,
    388,
    6238,
    7141,
    6728,
    6720,
    3292,
    2825,
    5212,
    1987,
    1537,
    5257,
    5771,
    2243,
    362,
    3382,
    2049,
    4176,
    2506,
    2269,
    3171
  ],
  [
    2874,
    6702,
    5275,
    2708,
    7123,
    1756,
    3490,
    1408,
    1380,
    4076,
    5258,
    7161,
    1388,
    1788,
    1882
  ],
  [
    7124,
    4302,
    2355,
    4628,
    4231,
    3304,
    4699,
    6703,
    3553,
    4219,
    6659,
    6197,
    4024,
    3279,
    4060,
    5742
  ],
  [
    2756,
    1726,
    2524
  ],
  [
    6230,
    4158
  ]
]