[
  [
    7095,
    2187,
    2136,
    586,
    325,
    5309,
    5320,
    1107,
    523,
    1585,
    7114,
    2764,
    6191,
    2234,
    1968,
    1135,
    6618,
    7045,
    4089,
    7081,
    7103,
    1877,
    1604,
    1593,
    5600,
    6130,
    877,
    576,
    268,
    1977,
    6168,
    2032,
    6602,
    6579,
    533,
    1944
  ],
  [
    4928,
    2775,
    4090,
    1534,
    4070,
    6131,
    7082,
    1995,
    1165,
    6588,
    1620,
    2137,
    6629,
    2179,
    1174,
    1612
  ],
  [
    1703,
    6132,
    2138,
    3824,
    2078,
    5330,
    6589,
    3957,
    2302,
    5883,
    3932,
    2041,
    7083,
    6147,
    2119
  ],
  [
    3839
  ]
]