[
  [
    6497,
    1458,
    1168,
    6060,
    507,
    6447,
    2597,
    6488,
    307,
    1138,
    6866,
    317,
    3640,
    5559,
    6889,
    489,
    3741,
    620,
    6897,
    469,
    1520,
    1475,
    4707,
    6473,
    576,
    6927,
    6016,
    2617,
    602,
    2418,
    479,
    6916,
    6936,
    1547,
    2929,
    1503,
    6458
  ],
  [
    4815,
    2047,
    2930,
    1536,
    6898,
    2006,
    3680,
    6459,
    1964,
    1005,
    2055,
    2625,
    1179,
    3755,
    6474,
    2039,
    1160,
    1528,
    1149
  ],
  [
    6429,
    6439,
    1695,
    6853,
    4807,
    2262,
    5534,
    6899,
    6876,
    6475,
    4748
  ],
  [
    1495,
    2066
  ],
  [
    1917
  ]
]