-14.0,6.0,
-13.0,4.0,
-12.0,59.0,
-10.0,37.0,
-8.0,6.0,
-7.0,34.0,
-6.0,0.0,
-6.0,61.0,
-5.0,0.0,
-5.0,6.0,
-5.0,6.0,
micro
0.0,0.0,-1.296682018213E12,
0.0,0.0,-1.296682018213E12,
0.0,0.0,-1.296682013571E12,
0.0,0.0,-1.296682013571E12,
0.0,0.0,-1.296682013571E12,
0.0,0.0,-1.296682013571E12,
0.0,0.0,-1.296682013571E12,
0.0,0.0,-1.296682013571E12,
0.0,0.0,-1.296682003284E12,
0.0,0.0,-1.296682003284E12,
macro
-3.0,0.0,
-2.0,0.0,
-1.0,0.0,
-1.0,0.0,
-1.0,0.0,
-1.0,0.0,
-1.0,0.0,
micro
0.0,0.0,-1.296683987341E12,
0.0,0.0,-1.296683968914E12,
0.0,0.0,-1.296683968914E12,
0.0,0.0,-1.296683968914E12,
0.0,0.0,-1.296683964597E12,
0.0,0.0,-1.296683961484E12,
0.0,0.0,-1.296683957389E12,
0.0,0.0,-1.29668394337E12,
0.0,0.0,-1.29668394337E12,
0.0,0.0,-1.29668392632E12,
macro
-1.0,0.0,
-1.0,0.0,
-1.0,0.0,
-1.0,0.0,
-1.0,0.0,
micro
0.0,0.0,-1.296685870976E12,
0.0,0.0,-1.296685808487E12,
0.0,0.0,-1.296685808487E12,
0.0,0.0,-1.296685754596E12,
0.0,0.0,-1.296685754596E12,
0.0,0.0,-1.296685754596E12,
0.0,0.0,-1.296685754596E12,
0.0,0.0,-1.296685754596E12,
0.0,0.0,-1.296685754596E12,
0.0,0.0,-1.296685743821E12,
macro
-1.0,3.0,
-1.0,3.0,
-1.0,3.0,
-1.0,3.0,
-1.0,3.0,
micro
0.0,0.0,-1.296687564478E12,
0.0,0.0,-1.296687537261E12,
0.0,0.0,-1.296687534283E12,
0.0,0.0,-1.296687529516E12,
0.0,0.0,-1.296687529516E12,
0.0,0.0,-1.296687522346E12,
0.0,0.0,-1.296687515527E12,
0.0,0.0,-1.296687515527E12,
0.0,0.0,-1.296687515527E12,
0.0,0.0,-1.296687515527E12,
macro
-3.0,113.0,
-3.0,113.0,
-2.0,67.0,
-2.0,67.0,
-2.0,67.0,
-2.0,67.0,
-2.0,67.0,
micro
-3.0,-3.0,-1.296689550113E12,
-3.0,-3.0,-1.296689548027E12,
-3.0,-3.0,-1.296689407555E12,
-2.0,0.0,-1.296689527994E12,
-2.0,0.0,-1.296689527994E12,
-2.0,0.0,-1.296689527994E12,
-2.0,0.0,-1.296689527994E12,
-2.0,0.0,-1.296689511577E12,
-2.0,0.0,-1.296689476529E12,
-2.0,0.0,-1.29668947448E12,
macro
-2.0,92.0,
-2.0,92.0,
-2.0,103.0,
-2.0,133.0,
-2.0,154.0,
-2.0,178.0,
-2.0,178.0,
-2.0,178.0,
-2.0,178.0,
-2.0,187.0,
-2.0,190.0,
micro
-2.0,-1.0,-1.296691191438E12,
-2.0,-1.0,-1.296691174431E12,
-2.0,-1.0,-1.296691174431E12,
-2.0,-1.0,-1.296691141305E12,
-2.0,-1.0,-1.296691141305E12,
-2.0,-1.0,-1.296691141305E12,
-2.0,-1.0,-1.296691141305E12,
-2.0,-1.0,-1.296691139593E12,
-2.0,-1.0,-1.296691139593E12,
-2.0,-1.0,-1.296691139593E12,
macro
-2.0,167.0,
-2.0,178.0,
-2.0,180.0,
-2.0,186.0,
-2.0,186.0,
-2.0,186.0,
-2.0,186.0,
-2.0,186.0,
micro
-3.0,-1.0,-1.296693077641E12,
-2.0,0.0,-1.296693096692E12,
-2.0,0.0,-1.296693096692E12,
-2.0,0.0,-1.296693089165E12,
-2.0,0.0,-1.296693062237E12,
-2.0,0.0,-1.296693062237E12,
-2.0,0.0,-1.296693058822E12,
-2.0,0.0,-1.296693008953E12,
-2.0,0.0,-1.296692997289E12,
-2.0,0.0,-1.296692986418E12,
macro
-2.0,197.0,
-2.0,197.0,
-2.0,203.0,
-2.0,203.0,
-2.0,203.0,
-2.0,203.0,
-2.0,203.0,
micro
-2.0,-3.0,-1.296694752924E12,
-2.0,-3.0,-1.296694714718E12,
-2.0,-3.0,-1.296694714718E12,
-2.0,-3.0,-1.296694714718E12,
-2.0,-3.0,-1.296694714718E12,
-2.0,-3.0,-1.296694714718E12,
-2.0,-3.0,-1.296694674333E12,
-2.0,-3.0,-1.296694674333E12,
-2.0,-3.0,-1.296694674333E12,
-2.0,-3.0,-1.296694674333E12,
macro
-2.0,160.0,
-2.0,160.0,
-2.0,160.0,
-2.0,160.0,
-2.0,160.0,
micro
-2.0,-3.0,-1.296696607681E12,
-2.0,-3.0,-1.296696607681E12,
-2.0,-3.0,-1.296696559132E12,
-2.0,-3.0,-1.296696505572E12,
-2.0,-3.0,-1.296696505572E12,
-2.0,-3.0,-1.296696505572E12,
-2.0,-3.0,-1.296696500852E12,
-2.0,-3.0,-1.296696500852E12,
-2.0,-3.0,-1.296696500852E12,
-2.0,-3.0,-1.296696500852E12,
macro
-2.0,132.0,
-2.0,134.0,
-2.0,134.0,
-2.0,134.0,
-2.0,134.0,
-2.0,134.0,
micro
-2.0,-5.0,-1.296698404065E12,
-2.0,-5.0,-1.29669839972E12,
-2.0,-5.0,-1.29669839972E12,
-2.0,-5.0,-1.29669839972E12,
-2.0,-5.0,-1.29669839972E12,
-2.0,-5.0,-1.29669839972E12,
-2.0,-5.0,-1.29669839972E12,
-2.0,-5.0,-1.29669839972E12,
-2.0,-5.0,-1.29669839972E12,
-2.0,-5.0,-1.29669839972E12,
macro
-2.0,29.0,
-2.0,29.0,
-2.0,29.0,
-2.0,29.0,
-2.0,29.0,
micro
-3.0,-4.0,-1.296700169467E12,
-3.0,-4.0,-1.296700169467E12,
-3.0,-4.0,-1.296700169467E12,
-3.0,-4.0,-1.296700169467E12,
-2.0,-3.0,-1.296700293614E12,
-2.0,-3.0,-1.296700293614E12,
-2.0,-3.0,-1.296700293614E12,
-2.0,-3.0,-1.296700170429E12,
-2.0,-3.0,-1.296700170429E12,
-2.0,-3.0,-1.296700170429E12,
macro
-2.0,552.0,
-2.0,552.0,
-2.0,552.0,
-2.0,552.0,
-2.0,552.0,
micro
-4.0,-3.0,-1.296701922708E12,
-4.0,-3.0,-1.296701915135E12,
-4.0,-3.0,-1.296701915135E12,
-4.0,-3.0,-1.296701913175E12,
-4.0,-3.0,-1.296701913175E12,
-4.0,-3.0,-1.296701910634E12,
-4.0,-3.0,-1.296701910634E12,
-4.0,-3.0,-1.296701892511E12,
-4.0,-3.0,-1.296701875863E12,
-4.0,-3.0,-1.296701875863E12,
macro
-4.0,1300.0,
-4.0,1300.0,
-4.0,1300.0,
-4.0,1300.0,
-4.0,1300.0,
micro
-4.0,0.0,-1.296703775221E12,
-4.0,0.0,-1.296703775221E12,
-4.0,0.0,-1.296703757415E12,
-4.0,0.0,-1.296703757415E12,
-4.0,0.0,-1.296703757415E12,
-4.0,0.0,-1.29670373257E12,
-4.0,0.0,-1.296703704901E12,
-4.0,0.0,-1.296703704901E12,
-4.0,0.0,-1.296703693337E12,
-4.0,0.0,-1.296703670883E12,
macro
-4.0,9.223372036854776E15,
-4.0,9.223372036854776E15,
-4.0,9.223372036854776E15,
-4.0,9.223372036854776E15,
-4.0,9.223372036854776E15,
micro
-4.0,0.0,-1.296703670883E12,
-4.0,0.0,-1.296703670883E12,
-4.0,0.0,-1.296703670883E12,
-4.0,0.0,-1.296703670883E12,
macro
-4.0,9.223372036854776E15,
-4.0,9.223372036854776E15,
-4.0,9.223372036854776E15,
-4.0,9.223372036854776E15,
-4.0,9.223372036854776E15,
micro
-4.0,0.0,-1.296703670883E12,
-4.0,0.0,-1.296703670883E12,
-4.0,0.0,-1.296703670883E12,
-4.0,0.0,-1.296703670883E12,
macro
-4.0,9.223372036854776E15,
-4.0,9.223372036854776E15,
-4.0,9.223372036854776E15,
-4.0,9.223372036854776E15,
-4.0,9.223372036854776E15,
micro
-4.0,0.0,-1.296703670883E12,
-4.0,0.0,-1.296703670883E12,
-4.0,0.0,-1.296703670883E12,
-4.0,0.0,-1.296703670883E12,
macro
-4.0,9.223372036854776E15,
-4.0,9.223372036854776E15,
-4.0,9.223372036854776E15,
-4.0,9.223372036854776E15,
-4.0,9.223372036854776E15,
micro
-4.0,0.0,-1.296703670883E12,
-4.0,0.0,-1.296703670883E12,
-4.0,0.0,-1.296703670883E12,
-4.0,0.0,-1.296703670883E12,
macro
