[
  [
    5033,
    6390,
    855,
    6791,
    6842,
    4914,
    507,
    5444,
    6799,
    5902,
    6323,
    5927,
    586,
    6783,
    6814,
    6754,
    6736,
    4945,
    2443,
    7170,
    6399,
    1437,
    969,
    6358,
    940,
    5459,
    922,
    754,
    7185,
    1456,
    5940,
    979,
    6341,
    5512,
    4887,
    3955,
    4968,
    6369,
    3928
  ],
  [
    6800,
    2944,
    3893,
    3096,
    5903,
    6755,
    3052,
    1825,
    3956,
    6737,
    2989,
    5420,
    2454,
    6324,
    6772,
    1862,
    4915,
    3917,
    2475,
    3813,
    1448,
    2424,
    3929,
    5445,
    3884,
    6825,
    1846
  ],
  [
    6325,
    6738,
    6801,
    2931,
    6350,
    5904,
    5916,
    6756,
    6303,
    5431,
    4888
  ]
]