[
  [
    4887,
    3906,
    6089,
    1094,
    6557,
    3893,
    5625,
    2074,
    6070,
    5940,
    6410,
    3854,
    7098,
    3865,
    5608,
    6122,
    5587,
    6097,
    7107,
    7070,
    6114,
    7089,
    6576,
    1610,
    1298,
    1113,
    5444,
    7035,
    6603,
    3006,
    6614,
    6139,
    7026,
    1593,
    6595,
    855,
    5478,
    922,
    5994,
    5568,
    6105,
    1282
  ],
  [
    3813,
    1252,
    7071,
    2992,
    6071,
    5633,
    7108,
    6558,
    1271,
    4985,
    7036,
    1873,
    1602,
    5495,
    5445,
    612,
    3060,
    5569,
    3876,
    784,
    5044,
    6577
  ],
  [
    7072,
    700,
    7060,
    3079,
    5446,
    4888,
    6559,
    7109,
    5386
  ]
]