[
  [
    5771,
    5781,
    2344,
    398,
    1503,
    5532,
    3699,
    2336,
    497,
    5731,
    253,
    6851,
    6256,
    552,
    2562,
    3672,
    6002,
    2524,
    5283,
    2911,
    4716,
    297,
    337,
    370,
    4746,
    4773,
    3733,
    235,
    3718,
    1162,
    6874,
    5177,
    408,
    6025
  ],
  [
    1997,
    2919,
    6852,
    1121,
    3700,
    1149,
    4725,
    4760,
    3719,
    6875,
    5533,
    2633,
    6003,
    1955,
    1014,
    6439,
    6264,
    5789,
    4747,
    2901,
    2015,
    2849,
    2006
  ],
  [
    2857,
    6240,
    6016,
    4748,
    1005,
    991,
    1926,
    2597,
    1679,
    3615,
    1511,
    5259,
    2788
  ],
  [
    3640,
    4707
  ]
]