[
  [
    1977,
    6497,
    576,
    6889,
    6473,
    6866,
    378,
    6897,
    6447,
    5559,
    620,
    1520,
    1138,
    2617,
    6936,
    1044,
    1168,
    2929,
    489,
    6488,
    170,
    6060,
    3741,
    517,
    6458,
    1964,
    1052,
    479,
    1427,
    6916,
    317,
    542,
    307,
    2028,
    2418,
    5551,
    1060,
    469,
    1547,
    602,
    6927
  ],
  [
    2039,
    2930,
    6459,
    3755,
    6474,
    3742,
    1536,
    3680,
    1528,
    2625,
    4815,
    1475,
    1160,
    1179,
    6898
  ],
  [
    3720,
    6475,
    6429,
    2319,
    1310,
    6853,
    6460,
    1623,
    6876,
    6899,
    1739,
    5534,
    2312
  ],
  [
    1495
  ],
  [
    1917
  ]
]