[
  [
    162,
    4582,
    1636,
    527,
    3613,
    180,
    4648,
    419,
    261,
    6150,
    106,
    204,
    4667,
    3181,
    1737,
    5141,
    5117,
    3332,
    5651,
    152,
    5714,
    3602,
    2317,
    3592,
    1765,
    188,
    5131,
    1132,
    611,
    196,
    3581,
    1694,
    5662,
    5692,
    6165,
    5723,
    5147
  ],
  [
    2586,
    2181,
    6151,
    5681,
    3651,
    3614,
    4656,
    2189,
    2171,
    1668,
    3190,
    2252,
    2748,
    5080,
    2318,
    528,
    5155,
    1738,
    5703,
    5118,
    5673,
    2553
  ],
  [
    2197,
    3570,
    5072,
    2700,
    4364,
    2775,
    2805,
    2764,
    4113,
    4563,
    2731
  ],
  [
    4207,
    3362,
    3511,
    5643,
    4041
  ]
]