[
  [
    6323,
    6754,
    2443,
    4953,
    1437,
    6791,
    969,
    6814,
    6783,
    713,
    3865,
    865,
    5902,
    3077,
    6390,
    5927,
    4968,
    3928,
    6799,
    1284,
    6358,
    950,
    3821,
    7185,
    4887,
    979,
    886,
    5033,
    2396,
    6842,
    6369,
    5512,
    6341,
    586,
    922,
    7170,
    6736,
    3955,
    1604,
    5444,
    4945,
    3854,
    1456,
    837
  ],
  [
    2424,
    6755,
    6737,
    2944,
    1448,
    2454,
    6800,
    5903,
    5420,
    6772,
    3956,
    5339,
    3052,
    3917,
    5445,
    4954,
    3813,
    5853,
    3884,
    2989,
    1825,
    6825,
    3929,
    6324,
    3893,
    3078,
    3096
  ],
  [
    5431,
    6325,
    6738,
    4888,
    6350,
    6303,
    6801,
    6756,
    5340,
    5904
  ]
]