[
  [
    7122,
    388,
    7141,
    1537,
    5248,
    5277,
    7152,
    5188,
    6701,
    2825,
    1775,
    6720,
    5212,
    3682,
    5723,
    4473,
    3342,
    2279,
    2838,
    1399,
    2243,
    6238,
    3662,
    5201,
    2049,
    2232,
    362,
    4129,
    5257,
    783,
    3162,
    4016,
    1530,
    463,
    6728
  ],
  [
    2708,
    2260,
    7123,
    1756,
    6702,
    2874,
    4050,
    2355,
    3382,
    1788,
    7161,
    1388,
    4076,
    1380,
    5258,
    1408,
    2309,
    6239,
    3413
  ],
  [
    4231,
    7124,
    4628,
    2756,
    4699,
    3304,
    4219,
    4024,
    6703,
    6659,
    3279,
    4593,
    5742,
    4060
  ],
  [
    6230,
    1726,
    5762
  ],
  [
    1335,
    4158
  ],
  [
    6152
  ]
]