[
  [
    799,
    5844,
    1587,
    5891,
    7015,
    594,
    639,
    5872,
    5384,
    5338,
    3784,
    837,
    724,
    3033,
    6275,
    5403,
    5412,
    5360,
    5883,
    774,
    5861,
    2396,
    649,
    677,
    4901,
    5836,
    1427,
    705,
    3014,
    5797,
    764,
    6293,
    542,
    1604,
    845,
    894,
    1814,
    3813,
    827,
    558,
    2405
  ],
  [
    2363,
    2416,
    2980,
    5798,
    2385,
    3034,
    4845,
    2997,
    3025,
    5385,
    5339,
    4856,
    5828,
    5853,
    2374,
    5420
  ],
  [
    5340,
    6284,
    2931,
    4783,
    3006,
    713,
    4893,
    6999,
    5386
  ],
  [
    4937
  ],
  [
    1806
  ]
]