[
  [
    6754,
    1604,
    1456,
    6399,
    6814,
    979,
    5444,
    3928,
    6323,
    6390,
    4914,
    3077,
    1284,
    7185,
    6736,
    5033,
    922,
    1437,
    754,
    6799,
    3955,
    3792,
    7170,
    6842,
    6358,
    6783,
    6791,
    6369,
    969,
    6825,
    4945,
    855,
    2443,
    5902,
    5927,
    6341,
    3815,
    5512,
    4968,
    940,
    5459
  ],
  [
    3096,
    3893,
    2944,
    6324,
    1448,
    2424,
    3884,
    2454,
    2989,
    1862,
    4915,
    6737,
    3917,
    3052,
    3929,
    1464,
    1825,
    5445,
    6800,
    3078,
    6755,
    3956,
    5903,
    4885,
    1846,
    6772
  ],
  [
    6756,
    5916,
    5431,
    6350,
    2931,
    6303,
    4916,
    4828,
    5386,
    6738,
    6325,
    5904,
    3816
  ],
  [
    1418
  ]
]