[
  [
    4190,
    551,
    6380,
    7283,
    423,
    7028,
    5290,
    5881,
    5328,
    5870,
    3047,
    4725,
    7292,
    6372,
    4174,
    6391,
    5847,
    1820,
    6341,
    379,
    210,
    4021,
    218,
    4045,
    4029,
    260,
    4182,
    4798,
    6361,
    3792,
    1465,
    2712,
    4753,
    3967,
    4692,
    3062,
    6896,
    333,
    4037
  ],
  [
    3782,
    3282,
    3039,
    1432,
    5329,
    7273,
    1798,
    4734,
    2403,
    5343,
    6885,
    5207,
    1829,
    6392,
    3114,
    2926,
    5291,
    5900,
    1809,
    1070
  ],
  [
    2844,
    4775,
    3105,
    3717,
    3586,
    2019,
    5908,
    5262,
    1442,
    5809,
    2669
  ],
  [
    5767,
    4571
  ]
]