[
  [
    4612,
    1765,
    122,
    4571,
    5053,
    3543,
    281,
    3978,
    4604,
    4121,
    62,
    3501,
    2311,
    54,
    3302,
    2691,
    2786,
    348,
    4198,
    5106,
    4484,
    4515,
    142,
    2682,
    3201,
    80,
    3519,
    4167,
    114,
    4495,
    70,
    2729,
    4444,
    98,
    3277,
    5089,
    1737,
    455,
    3551,
    2299
  ],
  [
    2721,
    3303,
    3249,
    5097,
    3278,
    4068,
    5054,
    1678,
    3332,
    3153,
    3210,
    4582,
    4620,
    2730,
    4138,
    3128,
    3552,
    4104,
    1738,
    3422,
    2787,
    4008
  ],
  [
    3236,
    4186,
    3140,
    3221,
    5055,
    3433,
    3264
  ]
]