[
  [
    4413,
    20,
    356,
    4300,
    281,
    3302,
    1621,
    4374,
    1025,
    4515,
    4349,
    4319,
    3989,
    989,
    4270,
    4285,
    3431,
    432,
    4244,
    3277,
    4495,
    1004,
    98,
    90,
    4462,
    54,
    3138,
    30,
    4435,
    80,
    4444,
    2207,
    1013,
    1308,
    62,
    0,
    3317,
    4184,
    4422,
    1365,
    38,
    10,
    4033,
    215,
    1032,
    2213,
    46,
    4217,
    3234,
    4398,
    3262,
    3219
  ],
  [
    3220,
    3235,
    3263,
    4218,
    4399,
    3432,
    3139,
    1309,
    4301,
    2214,
    4375,
    4286,
    3278,
    4389,
    4320,
    3318,
    4271,
    1366,
    4104,
    3990,
    3303,
    4245,
    990,
    4350,
    3479,
    1622,
    4506,
    4008,
    4185
  ],
  [
    4351,
    3991,
    4287,
    3433,
    4219,
    4376,
    4321
  ]
]