[
  [
    432,
    38,
    4184,
    3989,
    98,
    3468,
    4435,
    4524,
    4547,
    46,
    215,
    4217,
    4270,
    1621,
    0,
    4244,
    4453,
    1308,
    1677,
    4285,
    1032,
    3234,
    2207,
    4571,
    1365,
    4349,
    4033,
    356,
    4319,
    10,
    3457,
    3317,
    4374,
    989,
    4334,
    3431,
    4413,
    4398,
    3219,
    1004,
    2213,
    30,
    1025,
    4300,
    2729,
    1013,
    90
  ],
  [
    1309,
    4375,
    4335,
    3220,
    3479,
    1366,
    2730,
    4068,
    2214,
    4301,
    3318,
    4399,
    4245,
    1622,
    4320,
    4185,
    4218,
    3235,
    4484,
    4271,
    4286,
    4555,
    4350,
    4525,
    4506,
    3990,
    3446,
    4389,
    3432,
    990,
    4539
  ],
  [
    4287,
    4186,
    4336,
    4321,
    4526,
    4376,
    4272,
    4351,
    3991
  ]
]