[
  [
    7152,
    5277,
    6701,
    2825,
    5212,
    463,
    1775,
    4148,
    3353,
    7122,
    4688,
    7141,
    5257,
    1399,
    6720,
    3342,
    6728,
    5731,
    3162,
    2269,
    180,
    2049,
    388,
    4129,
    6238,
    3662,
    4085,
    2279,
    2041,
    3413,
    783,
    5248,
    362,
    1893,
    1564
  ],
  [
    2708,
    2608,
    2309,
    1756,
    1692,
    1388,
    7123,
    2355,
    6702,
    1788,
    7161,
    1408,
    5177,
    2874,
    6239,
    1380,
    3382,
    1882,
    3391,
    5258
  ],
  [
    4060,
    5742,
    7124,
    2756,
    4231,
    5119,
    4593,
    6703,
    4024,
    4628,
    3304,
    3279
  ],
  [
    1726,
    5762,
    6230
  ],
  [
    1335,
    4158
  ],
  [
    6152
  ]
]