[
  [
    3181,
    378,
    5277,
    7141,
    7122,
    7152,
    2269,
    388,
    552,
    2041,
    1775,
    3682,
    6701,
    3171,
    6238,
    180,
    3292,
    3699,
    370,
    4773,
    2049,
    1537,
    6728,
    1399,
    6720,
    4746,
    5248,
    3688,
    783,
    225,
    362,
    5212,
    253,
    3662,
    3718,
    4207,
    3353,
    3201,
    2506,
    398,
    5257
  ],
  [
    4725,
    7161,
    2919,
    5258,
    7123,
    2708,
    2309,
    2355,
    1380,
    1388,
    3700,
    6239,
    3719,
    1692,
    1788,
    6702,
    2260,
    2298,
    1408,
    4747,
    1756
  ],
  [
    5742,
    2756,
    7124,
    4231,
    4024,
    3279,
    4593,
    3304,
    6703
  ],
  [
    6230,
    1726
  ],
  [
    4158,
    1335
  ],
  [
    6152
  ]
]