[
  [
    5248,
    5277,
    253,
    1775,
    7122,
    5257,
    3413,
    4050,
    7141,
    7152,
    4746,
    463,
    3353,
    398,
    362,
    2279,
    552,
    4773,
    783,
    3631,
    370,
    1399,
    2825,
    378,
    3422,
    3662,
    388,
    6720,
    6238,
    6701,
    180,
    1530,
    2049,
    1564,
    1537,
    5212,
    4129,
    6728,
    2243
  ],
  [
    2309,
    2708,
    1756,
    1380,
    2355,
    2874,
    6702,
    6239,
    1388,
    1788,
    7123,
    4076,
    7161,
    3382,
    2919,
    1408,
    4760,
    5258,
    2298,
    4747
  ],
  [
    4699,
    7124,
    6703,
    4593,
    4231,
    3279,
    4024,
    2756,
    5742,
    4628
  ],
  [
    6230,
    1726
  ],
  [
    1335,
    4158
  ],
  [
    6152
  ]
]