[
  [
    5277,
    7141,
    1775,
    7122,
    463,
    6256,
    6701,
    4113,
    4016,
    388,
    269,
    1399,
    3353,
    6238,
    1530,
    5731,
    3262,
    3342,
    7152,
    6720,
    2269,
    5248,
    6728,
    106,
    5257,
    783,
    5771,
    188,
    1162,
    2515,
    3138,
    2279,
    362,
    180,
    1409
  ],
  [
    5258,
    2355,
    3263,
    3382,
    1388,
    4593,
    3490,
    7123,
    1788,
    6264,
    2708,
    7161,
    6702,
    2608,
    2825,
    3139,
    3162,
    1756,
    6239,
    3153,
    2309,
    1380,
    2874
  ],
  [
    4302,
    3279,
    4060,
    3304,
    7124,
    6703,
    2756,
    4628,
    3553,
    5762,
    4231,
    5742,
    3264,
    3140,
    4024
  ],
  [
    6230,
    1726
  ],
  [
    4158
  ]
]