-25.0,-1.257294992977175E14,
-21.0,-1.2712027048216338E14,
-19.0,-1.2972755854640894E14,
-18.0,-1.2989151578116022E14,
-16.0,-1.251602292490614E14,
-14.0,-1.2561124542363172E14,
-14.0,-1.2271104858764056E14,
-10.0,-1.2577337566439038E14,
-9.0,-1.2600713154096944E14,
-8.0,-1.2623852578824288E14,
-6.0,-1.2515193269795044E14,
micro
-8.0,-9.426437307530123E13,
-8.0,-9.276272932614412E13,
-8.0,-9.152374752318242E13,
-7.0,-9.229281389965411E13,
-7.0,-9.149992237476475E13,
-7.0,-9.104961322381742E13,
-7.0,-9.104961322381742E13,
-7.0,-9.10419612913461E13,
-7.0,-9.092972883116314E13,
-7.0,-9.047932199479356E13,
-7.0,-9.047932199479356E13,
macro
-6.0,-6.314068832597493E13,
-6.0,-6.312595281941386E13,
-6.0,-6.3000204332345195E13,
-6.0,-6.3000204332345195E13,
-6.0,-6.288515260059853E13,
-6.0,-6.288515260059853E13,
-6.0,-6.288515260059853E13,
-6.0,-6.287982483486351E13,
-6.0,-6.287963872021368E13,
-6.0,-6.287963872021368E13,
-6.0,-6.287963872021368E13,
micro
-5.0,-4.285292001231701E13,
-5.0,-4.266772715962451E13,
-5.0,-4.266667974519382E13,
-5.0,-4.255093225383595E13,
-5.0,-4.249432903318293E13,
-5.0,-4.249432903318293E13,
-5.0,-4.249432903318293E13,
-5.0,-4.247694963109394E13,
-5.0,-4.247694963109394E13,
-5.0,-4.245439178342289E13,
-5.0,-4.244205591641569E13,
macro
-5.0,-3.574297362509444E13,
-5.0,-3.553464652278149E13,
-5.0,-3.539364489105489E13,
-5.0,-3.539364489105489E13,
-5.0,-3.539276849138766E13,
-5.0,-3.539276849138766E13,
-5.0,-3.539276849138766E13,
-5.0,-3.536954963009225E13,
-5.0,-3.535113503633448E13,
-5.0,-3.535113503633448E13,
-5.0,-3.5319872873722836E13,
micro
-8.0,-2.68141507548922E13,
-8.0,-2.6792577619812953E13,
-8.0,-2.6792577619812953E13,
-8.0,-2.6781021758420316E13,
-8.0,-2.6735585635920797E13,
-8.0,-2.6735585635920797E13,
-8.0,-2.6735585635920797E13,
-8.0,-2.6735585635920797E13,
-8.0,-2.673181582327518E13,
-8.0,-2.673181582327518E13,
-8.0,-2.673181582327518E13,
macro
-8.0,-2.3683347472473586E13,
-8.0,-2.3618145142079414E13,
-8.0,-2.3618145142079414E13,
-8.0,-2.3528716938282184E13,
-8.0,-2.3528716938282184E13,
-8.0,-2.3500480541677945E13,
-8.0,-2.3500480541677945E13,
-8.0,-2.349235400593992E13,
-8.0,-2.349235400593992E13,
-8.0,-2.349235400593992E13,
-8.0,-2.337875014208977E13,
micro
-8.0,-1.1994120772404535E13,
-8.0,-1.1953935667820371E13,
-8.0,-1.181361873308336E13,
-8.0,-1.1773126651574258E13,
-8.0,-1.1752350465966592E13,
-8.0,-1.1737666793246926E13,
-8.0,-1.1680553420959092E13,
-8.0,-1.1678586897329842E13,
-8.0,-1.1678586897329842E13,
-8.0,-1.1637067308613205E13,
-8.0,-1.1637067308613205E13,
macro
-8.0,-6.960348535768678E12,
-8.0,-6.960348535768678E12,
-8.0,-6.960348535768678E12,
-8.0,-6.960348535768678E12,
-8.0,-6.925319229174406E12,
-8.0,-6.925319229174406E12,
-8.0,-6.925319229174406E12,
-8.0,-6.901273493173297E12,
-8.0,-6.893048673827819E12,
-8.0,-6.880527099327106E12,
-8.0,-6.880527099327106E12,
micro
-9.0,-4.670163908830628E12,
-9.0,-4.670163908830628E12,
-9.0,-4.670163908830628E12,
-9.0,-4.670163908830628E12,
-9.0,-4.670163908830628E12,
macro
-9.0,-3.008198240325777E12,
-9.0,-3.008198240325777E12,
-9.0,-3.008198240325777E12,
-9.0,-3.008198240325777E12,
-9.0,-3.008198240325777E12,
micro
-9.0,-2.250645225496715E12,
-9.0,-2.250645225496715E12,
-9.0,-2.250645225496715E12,
-9.0,-2.250645225496715E12,
-9.0,-2.250645225496715E12,
macro
-12.0,-9.362949669364469E11,
-12.0,-9.362949669364469E11,
-12.0,-9.362949669364469E11,
-12.0,-9.362949669364469E11,
-12.0,-9.362949669364469E11,
micro
-12.0,-6.509697039757766E11,
-12.0,-6.509697039757766E11,
-12.0,-6.509697039757766E11,
-12.0,-6.509697039757766E11,
-12.0,-6.509697039757766E11,
macro
-12.0,-6.509697039757765E11,
-12.0,-6.509697039757765E11,
-12.0,-6.509697039757765E11,
-12.0,-6.509697039757765E11,
-12.0,-6.509697039757765E11,
micro
-12.0,-6.509697039757765E11,
-12.0,-6.509697039757765E11,
-12.0,-6.509697039757765E11,
-12.0,-6.509697039757765E11,
-12.0,-6.509697039757765E11,
macro
-12.0,-6.509697039757765E11,
-12.0,-6.509697039757765E11,
-12.0,-6.509697039757765E11,
-12.0,-6.509697039757765E11,
-12.0,-6.509697039757765E11,
micro
