[
  [
    5131,
    196,
    4667,
    527,
    1636,
    1765,
    4656,
    5117,
    5714,
    106,
    5723,
    204,
    3581,
    261,
    3292,
    4648,
    611,
    3602,
    5662,
    5147,
    2838,
    5651,
    3613,
    180,
    6150,
    2317,
    3181,
    6165,
    162,
    3592,
    419,
    5692,
    5188
  ],
  [
    2252,
    5703,
    2318,
    5080,
    2553,
    2586,
    3249,
    6151,
    1668,
    3614,
    5673,
    5681,
    3190,
    5139,
    2171,
    528,
    3651,
    5118,
    3402,
    3153,
    2189,
    5155,
    2181
  ],
  [
    2197,
    2700,
    3570,
    4563,
    2775,
    4113,
    4364,
    5119,
    2805,
    2764,
    5072,
    2731,
    2751
  ],
  [
    4041,
    3362,
    3511,
    4246,
    4207
  ],
  [
    4016
  ]
]