[
  [
    5384,
    724,
    1230,
    3077,
    4914,
    5403,
    5861,
    5844,
    774,
    5360,
    3784,
    1604,
    7015,
    894,
    5883,
    2405,
    5412,
    744,
    586,
    5836,
    5891,
    3840,
    845,
    5797,
    837,
    1427,
    3033,
    876,
    5872,
    5352,
    649,
    5338,
    4887,
    1814,
    2396,
    5371,
    855,
    827,
    754,
    687,
    507,
    594
  ],
  [
    3078,
    4856,
    4915,
    4901,
    2416,
    5339,
    4845,
    5385,
    3813,
    2980,
    2967,
    2385,
    5798,
    2997,
    3034,
    5420,
    5828,
    4945,
    3025,
    2374,
    3841
  ],
  [
    6284,
    5386,
    4888,
    6999,
    4893,
    5294,
    4783,
    4828
  ],
  [
    4937
  ],
  [
    1806
  ]
]