-12.0,67.0,
-10.0,5.0,
-8.0,11.0,
-8.0,11.0,
-8.0,23.0,
-7.0,85.0,
-5.0,62.0,
-5.0,115.0,
-1.0,0.0,
-1.0,0.0,
-1.0,0.0,
micro
0.0,-1.0,-1.296682179506E12,
0.0,-1.0,-1.296682179506E12,
0.0,-1.0,-1.296682163264E12,
0.0,-1.0,-1.296682163264E12,
0.0,-1.0,-1.296682163264E12,
0.0,-1.0,-1.296682163264E12,
0.0,-1.0,-1.296682163264E12,
macro
-2.0,0.0,
-1.0,0.0,
-1.0,6.0,
-1.0,6.0,
-1.0,6.0,
-1.0,6.0,
-1.0,9.0,
-1.0,9.0,
-1.0,9.0,
-1.0,9.0,
-1.0,9.0,
micro
0.0,-1.0,-1.296683892812E12,
0.0,-1.0,-1.296683867947E12,
0.0,-1.0,-1.296683858496E12,
0.0,-1.0,-1.296683831596E12,
0.0,-1.0,-1.296683825687E12,
0.0,-1.0,-1.296683825687E12,
0.0,-1.0,-1.296683825687E12,
0.0,-1.0,-1.296683825254E12,
0.0,-1.0,-1.296683825254E12,
0.0,-1.0,-1.296683825254E12,
macro
-1.0,6.0,
-1.0,6.0,
-1.0,6.0,
-1.0,6.0,
-1.0,6.0,
micro
0.0,-3.0,-1.296685788816E12,
0.0,-3.0,-1.296685788816E12,
0.0,-3.0,-1.296685772395E12,
0.0,-3.0,-1.296685772395E12,
0.0,-3.0,-1.296685744963E12,
0.0,-3.0,-1.296685744963E12,
0.0,-3.0,-1.296685744963E12,
0.0,-3.0,-1.296685744963E12,
0.0,-3.0,-1.296685744963E12,
0.0,-3.0,-1.296685744963E12,
macro
-3.0,142.0,
-3.0,156.0,
-3.0,156.0,
-2.0,8.0,
-2.0,8.0,
-2.0,8.0,
-2.0,8.0,
-2.0,8.0,
micro
0.0,0.0,-1.296687587194E12,
0.0,0.0,-1.29668754153E12,
0.0,0.0,-1.29668754153E12,
0.0,0.0,-1.29668754153E12,
0.0,0.0,-1.296687539227E12,
0.0,0.0,-1.296687539227E12,
0.0,0.0,-1.296687533412E12,
0.0,0.0,-1.296687527292E12,
0.0,0.0,-1.296687527292E12,
0.0,0.0,-1.296687520543E12,
macro
-1.0,11.0,
-1.0,11.0,
-1.0,11.0,
-1.0,11.0,
-1.0,11.0,
micro
-4.0,-5.0,-1.296689508896E12,
-4.0,-5.0,-1.296689508896E12,
-3.0,-2.0,-1.296689520631E12,
-1.0,0.0,-1.296689453711E12,
-1.0,0.0,-1.296689453711E12,
-1.0,0.0,-1.296689453711E12,
-1.0,0.0,-1.296689453711E12,
-1.0,0.0,-1.296689453711E12,
-1.0,0.0,-1.296689432592E12,
-1.0,0.0,-1.296689432592E12,
macro
-1.0,187.0,
-1.0,200.0,
-1.0,200.0,
-1.0,200.0,
-1.0,200.0,
-1.0,217.0,
-1.0,219.0,
-1.0,219.0,
-1.0,219.0,
-1.0,219.0,
-1.0,219.0,
micro
-1.0,0.0,-1.296691225678E12,
-1.0,0.0,-1.296691225678E12,
-1.0,0.0,-1.296691225678E12,
-1.0,0.0,-1.296691223488E12,
-1.0,0.0,-1.296691198751E12,
-1.0,0.0,-1.296691198751E12,
-1.0,0.0,-1.296691191335E12,
-1.0,0.0,-1.296691191335E12,
-1.0,0.0,-1.296691191335E12,
-1.0,0.0,-1.296691191335E12,
macro
-1.0,132.0,
-1.0,132.0,
-1.0,225.0,
-1.0,245.0,
-1.0,251.0,
-1.0,269.0,
-1.0,269.0,
-1.0,269.0,
-1.0,269.0,
-1.0,269.0,
micro
-1.0,0.0,-1.296693049895E12,
-1.0,0.0,-1.296692999286E12,
-1.0,0.0,-1.296692999286E12,
-1.0,0.0,-1.296692999286E12,
-1.0,0.0,-1.296692977768E12,
-1.0,0.0,-1.296692977768E12,
-1.0,0.0,-1.296692945988E12,
-1.0,0.0,-1.296692945988E12,
-1.0,0.0,-1.296692945988E12,
-1.0,0.0,-1.296692945988E12,
macro
-1.0,207.0,
-1.0,207.0,
-1.0,207.0,
-1.0,207.0,
-1.0,207.0,
micro
-1.0,-2.0,-1.296694704264E12,
-1.0,-2.0,-1.296694704264E12,
-1.0,-2.0,-1.296694697547E12,
-1.0,-2.0,-1.296694697547E12,
-1.0,-2.0,-1.296694663748E12,
-1.0,-2.0,-1.296694663748E12,
-1.0,-2.0,-1.296694663748E12,
-1.0,-2.0,-1.296694663748E12,
-1.0,-2.0,-1.296694663748E12,
-1.0,-2.0,-1.296694663748E12,
macro
-1.0,171.0,
-1.0,171.0,
-1.0,208.0,
-1.0,208.0,
-1.0,208.0,
-1.0,208.0,
-1.0,208.0,
micro
-1.0,-3.0,-1.296696580679E12,
-1.0,-3.0,-1.296696543265E12,
-1.0,-3.0,-1.296696531058E12,
-1.0,-3.0,-1.296696531058E12,
-1.0,-3.0,-1.296696531058E12,
-1.0,-3.0,-1.296696531058E12,
-1.0,-3.0,-1.296696531058E12,
-1.0,-3.0,-1.296696531058E12,
-1.0,-3.0,-1.296696528975E12,
-1.0,-3.0,-1.296696516177E12,
macro
-1.0,189.0,
-1.0,189.0,
-1.0,189.0,
-1.0,189.0,
-1.0,189.0,
micro
-1.0,-2.0,-1.296698473077E12,
-1.0,-2.0,-1.296698472715E12,
-1.0,-2.0,-1.296698472265E12,
-1.0,-2.0,-1.296698472265E12,
-1.0,-2.0,-1.296698472224E12,
-1.0,-2.0,-1.296698472224E12,
-1.0,-2.0,-1.296698472224E12,
-1.0,-2.0,-1.296698472224E12,
-1.0,-2.0,-1.296698472224E12,
-1.0,-2.0,-1.296698472159E12,
macro
-1.0,194.0,
-1.0,194.0,
-1.0,194.0,
-1.0,194.0,
-1.0,194.0,
micro
-3.0,-5.0,-1.29670025987E12,
-1.0,-3.0,-1.296700432914E12,
-1.0,-3.0,-1.296700232016E12,
-1.0,-3.0,-1.296700232016E12,
-1.0,-3.0,-1.296700232016E12,
-1.0,-3.0,-1.296700232016E12,
-1.0,-3.0,-1.296700218559E12,
-1.0,-3.0,-1.296700218559E12,
-1.0,-3.0,-1.296700218559E12,
-1.0,-3.0,-1.296700187841E12,
macro
-1.0,637.0,
-1.0,637.0,
-1.0,637.0,
-1.0,637.0,
-1.0,637.0,
micro
-1.0,0.0,-1.296702049951E12,
-1.0,0.0,-1.296702039912E12,
-1.0,0.0,-1.296702022069E12,
-1.0,0.0,-1.29670198747E12,
-1.0,0.0,-1.29670198747E12,
-1.0,0.0,-1.296701954924E12,
-1.0,0.0,-1.296701954924E12,
-1.0,0.0,-1.296701954924E12,
-1.0,0.0,-1.296701954924E12,
-1.0,0.0,-1.296701939379E12,
macro
-1.0,1095.0,
-1.0,1095.0,
-1.0,1095.0,
-1.0,1095.0,
-1.0,1095.0,
micro
-1.0,0.0,-1.296703745882E12,
-1.0,0.0,-1.296703745882E12,
-1.0,0.0,-1.296703743329E12,
-1.0,0.0,-1.296703702188E12,
-1.0,0.0,-1.296703698459E12,
-1.0,0.0,-1.296703671597E12,
-1.0,0.0,-1.296703668581E12,
-1.0,0.0,-1.296703667288E12,
-1.0,0.0,-1.29670365734E12,
-1.0,0.0,-1.296703655766E12,
macro
-1.0,5013.0,
-1.0,5013.0,
-1.0,5013.0,
-1.0,5013.0,
-1.0,5013.0,
micro
-1.0,-3.0,-1.296703655766E12,
-1.0,-3.0,-1.296703655766E12,
-1.0,-3.0,-1.296703655766E12,
-1.0,-3.0,-1.296703655766E12,
macro
-1.0,5013.0,
-1.0,5013.0,
-1.0,5013.0,
-1.0,5013.0,
-1.0,5013.0,
micro
-1.0,-3.0,-1.296703655766E12,
-1.0,-3.0,-1.296703655766E12,
-1.0,-3.0,-1.296703655766E12,
-1.0,-3.0,-1.296703655766E12,
macro
-1.0,5013.0,
-1.0,5013.0,
-1.0,5013.0,
-1.0,5013.0,
-1.0,5013.0,
micro
-4.0,-3.0,-1.296703655766E12,
-4.0,-3.0,-1.296703655766E12,
-4.0,-3.0,-1.296703655766E12,
-4.0,-3.0,-1.296703655766E12,
macro
-4.0,9.223372036854776E15,
-4.0,9.223372036854776E15,
-4.0,9.223372036854776E15,
-4.0,9.223372036854776E15,
-4.0,9.223372036854776E15,
micro
-4.0,0.0,-1.296703655766E12,
-4.0,0.0,-1.296703655766E12,
-4.0,0.0,-1.296703655766E12,
-4.0,0.0,-1.296703655766E12,
macro
