[
  [
    5292,
    6997,
    4826,
    1044,
    317,
    6966,
    6506,
    6986,
    6544,
    793,
    959,
    2055,
    3033,
    1190,
    1563,
    2966,
    1210,
    657,
    1284,
    3840,
    6947,
    667,
    542,
    517,
    4864,
    3832,
    4781,
    5310,
    6041,
    5352,
    3741,
    4887,
    307,
    734,
    6033,
    6517,
    1574,
    1241,
    5338,
    6526,
    4875,
    4799,
    378,
    1427,
    558,
    876,
    744
  ],
  [
    1199,
    1486,
    2967,
    4782,
    5320,
    1219,
    3813,
    1014,
    1033,
    3784,
    6948,
    6527,
    1766,
    5328,
    3841,
    3776,
    6976,
    5339,
    4827,
    5293,
    6998,
    1555,
    3742,
    2955,
    1005,
    6049
  ],
  [
    6004,
    6949,
    628,
    3701,
    6528,
    3720,
    3743
  ]
]