[
  [
    6595,
    2663,
    2543,
    7035,
    940,
    3117,
    7050,
    1585,
    6097,
    1298,
    1862,
    7070,
    2074,
    5959,
    1084,
    4887,
    6557,
    6603,
    1103,
    7026,
    7107,
    6114,
    2535,
    5994,
    1593,
    1290,
    6576,
    1113,
    5608,
    5024,
    3906,
    1066,
    3893,
    6139,
    6105,
    6627,
    2133,
    1610,
    5568,
    6070,
    7098,
    4945,
    5633,
    5044
  ],
  [
    7108,
    464,
    5569,
    357,
    1045,
    6071,
    3813,
    3060,
    5495,
    7071,
    3876,
    7036,
    2467,
    433,
    5587,
    612,
    784,
    6558,
    6577
  ],
  [
    5904,
    4888,
    3930,
    7072,
    4998,
    4955,
    7109,
    5446
  ]
]