macro
-11.0,-9.293172164700064E13,
-11.0,-9.285078035016383E13,
-11.0,-9.285078035016383E13,
-8.0,-9.933902931494305E13,
-8.0,-9.866202588517489E13,
-8.0,-9.866202588517489E13,
-6.0,-9.871232978849666E13,
-6.0,-9.421459872750328E13,
-5.0,-9.584407713466248E13,
-4.0,-9.39774160578293E13,
-4.0,-9.169559073046773E13,
micro
0.0,-2.0,-1.296682121639E12,
0.0,-2.0,-1.296682121639E12,
0.0,-2.0,-1.296682121639E12,
0.0,-2.0,-1.296682121639E12,
0.0,-2.0,-1.296682121639E12,
0.0,-2.0,-1.296682121301E12,
0.0,-2.0,-1.296682120755E12,
0.0,-2.0,-1.296682120755E12,
0.0,-2.0,-1.296682120755E12,
0.0,-2.0,-1.29668212069E12,
macro
-2.0,-6.984282626549663E13,
-2.0,-6.909123350744389E13,
-2.0,-6.909123350744389E13,
-2.0,-6.866649781374414E13,
-1.0,-6.890778693635188E13,
-1.0,-6.890778693635188E13,
-1.0,-6.856178044094164E13,
-1.0,-6.821482925055873E13,
-1.0,-6.7940684307938805E13,
-1.0,-6.764925323464151E13,
-1.0,-6.750426268258127E13,
micro
0.0,0.0,-1.296683812031E12,
0.0,0.0,-1.296683785514E12,
0.0,0.0,-1.296683785514E12,
0.0,0.0,-1.296683774127E12,
0.0,0.0,-1.296683732608E12,
0.0,0.0,-1.296683732608E12,
0.0,0.0,-1.296683722985E12,
0.0,0.0,-1.296683722985E12,
0.0,0.0,-1.296683722985E12,
0.0,0.0,-1.296683716272E12,
macro
-1.0,-4.687131312510221E13,
-1.0,-4.6627587847510375E13,
-1.0,-4.634688800217912E13,
-1.0,-4.6154022289958945E13,
-1.0,-4.6154022289958945E13,
-1.0,-4.608579301417392E13,
-1.0,-4.607860801293995E13,
-1.0,-4.581761488653293E13,
-1.0,-4.572550675573637E13,
-1.0,-4.5508879954488016E13,
-1.0,-4.5508879954488016E13,
micro
0.0,0.0,-1.296685771182E12,
0.0,0.0,-1.296685771182E12,
0.0,0.0,-1.296685771182E12,
0.0,0.0,-1.296685748425E12,
0.0,0.0,-1.296685748425E12,
0.0,0.0,-1.296685730894E12,
0.0,0.0,-1.296685728191E12,
0.0,0.0,-1.296685727928E12,
0.0,0.0,-1.296685727928E12,
0.0,0.0,-1.296685723963E12,
macro
-3.0,-3.3479342028570016E13,
-3.0,-3.305753295323927E13,
-3.0,-3.286669433984022E13,
-3.0,-3.281906117018546E13,
-3.0,-3.2751390857803223E13,
-3.0,-3.2704938613268176E13,
-3.0,-3.270447456099902E13,
-3.0,-3.265805206159386E13,
-3.0,-3.24398657741195E13,
-3.0,-3.24398657741195E13,
-3.0,-3.235117675357193E13,
micro
0.0,0.0,-1.296687628159E12,
0.0,0.0,-1.296687607832E12,
0.0,0.0,-1.296687607832E12,
0.0,0.0,-1.296687607832E12,
0.0,0.0,-1.296687588184E12,
0.0,0.0,-1.296687560812E12,
0.0,0.0,-1.296687560812E12,
0.0,0.0,-1.296687560812E12,
0.0,0.0,-1.296687560812E12,
0.0,0.0,-1.296687560812E12,
macro
-5.0,-2.589473208370855E13,
-2.0,-2.6011951696407816E13,
-2.0,-2.5809373967974414E13,
-2.0,-2.570517786109024E13,
-2.0,-2.55397567514271E13,
-2.0,-2.55397567514271E13,
-2.0,-2.546218550749637E13,
-2.0,-2.546218550749637E13,
-2.0,-2.532202443494443E13,
-2.0,-2.5300228537713777E13,
-2.0,-2.5300228537713777E13,
micro
-5.0,-5.0,-1.296689562054E12,
-5.0,-3.0,-1.296689422394E12,
-5.0,-3.0,-1.296689351018E12,
-4.0,-2.0,-1.296689519181E12,
-4.0,-2.0,-1.296689498433E12,
-4.0,-2.0,-1.296689410376E12,
-3.0,-1.0,-1.296689441873E12,
-3.0,-1.0,-1.296689441873E12,
-3.0,-1.0,-1.296689435864E12,
-2.0,0.0,-1.296689461474E12,
macro
-2.0,-2.106265474853467E13,
-2.0,-2.105307678431771E13,
-2.0,-2.099029040127526E13,
-2.0,-2.099029040127526E13,
-2.0,-2.099029040127526E13,
-2.0,-2.099029040127526E13,
-2.0,-2.097982567622873E13,
-2.0,-2.097982567622873E13,
-2.0,-2.097982567622873E13,
-2.0,-2.0967954485928656E13,
-2.0,-2.0967954485928656E13,
micro
-2.0,-1.0,-1.296691159455E12,
-2.0,-1.0,-1.296691159455E12,
-2.0,-1.0,-1.296691159455E12,
-2.0,-1.0,-1.296691137047E12,
-2.0,-1.0,-1.296691137047E12,
-2.0,-1.0,-1.296691128573E12,
-2.0,-1.0,-1.296691119153E12,
-2.0,-1.0,-1.296691105329E12,
-2.0,-1.0,-1.296691105329E12,
-2.0,-1.0,-1.296691102554E12,
macro
-2.0,-1.5569808242081895E13,
-2.0,-1.5470651531182594E13,
-2.0,-1.5411148778363266E13,
-2.0,-1.5411148778363266E13,
-2.0,-1.5411148778363266E13,
-2.0,-1.5396533689826559E13,
-2.0,-1.5395657488633006E13,
-2.0,-1.5395657488633006E13,
-2.0,-1.5393691857383852E13,
-2.0,-1.5393691857383852E13,
-2.0,-1.5393691857383852E13,
micro
-2.0,-1.0,-1.296692955736E12,
-2.0,-1.0,-1.296692944127E12,
-2.0,-1.0,-1.296692926765E12,
-2.0,-1.0,-1.296692916423E12,
-2.0,-1.0,-1.296692916423E12,
-2.0,-1.0,-1.296692906423E12,
-2.0,-1.0,-1.296692903851E12,
-2.0,-1.0,-1.296692903133E12,
-2.0,-1.0,-1.29669288432E12,
-2.0,-1.0,-1.29669288432E12,
macro
-2.0,-1.0980437578025508E13,
-2.0,-1.0939252768374408E13,
-2.0,-1.0939252768374408E13,
-2.0,-1.0939252768374408E13,
-2.0,-1.0939252768374408E13,
-2.0,-1.0939252768374408E13,
micro
-2.0,-2.0,-1.296694764605E12,
-2.0,-2.0,-1.296694764605E12,
-2.0,-2.0,-1.296694764605E12,
-2.0,-2.0,-1.296694764605E12,
-2.0,-2.0,-1.296694746861E12,
-2.0,-2.0,-1.296694746861E12,
-2.0,-2.0,-1.296694746861E12,
-2.0,-2.0,-1.296694746861E12,
-2.0,-2.0,-1.296694746861E12,
-2.0,-2.0,-1.296694746861E12,
macro
-2.0,-6.936103705563724E12,
-2.0,-6.936103705563724E12,
-2.0,-6.913813915607167E12,
-2.0,-6.911920809149361E12,
-2.0,-6.904002386611131E12,
-2.0,-6.904002386611131E12,
-2.0,-6.904002386611131E12,
-2.0,-6.904002386611131E12,
-2.0,-6.883618201019639E12,
-2.0,-6.883618201019639E12,
-2.0,-6.881809638305197E12,
micro
-2.0,-2.0,-1.296696592896E12,
-2.0,-2.0,-1.296696592896E12,
-2.0,-2.0,-1.296696536825E12,
-2.0,-2.0,-1.296696536825E12,
-2.0,-2.0,-1.296696536825E12,
-2.0,-2.0,-1.296696536825E12,
-2.0,-2.0,-1.296696536825E12,
-2.0,-2.0,-1.296696529368E12,
-2.0,-2.0,-1.296696520824E12,
-2.0,-2.0,-1.296696520824E12,
macro
-2.0,-4.2661537764521E12,
-2.0,-4.2637429515029985E12,
-2.0,-4.2637429515029985E12,
-2.0,-4.2637429515029985E12,
-2.0,-4.263528554581321E12,
-2.0,-4.263528554581321E12,
-2.0,-4.263528554581321E12,
-2.0,-4.263528554581321E12,
-2.0,-4.263528554581321E12,
micro
-2.0,-4.0,-1.296698409099E12,
-2.0,-4.0,-1.296698406218E12,
-2.0,-4.0,-1.296698396145E12,
-2.0,-4.0,-1.296698396145E12,
-2.0,-4.0,-1.296698396145E12,
-2.0,-4.0,-1.296698389794E12,
-2.0,-4.0,-1.296698389794E12,
-2.0,-4.0,-1.296698389036E12,
-2.0,-4.0,-1.296698389036E12,
-2.0,-4.0,-1.296698389036E12,
macro
-2.0,-2.8349075607277676E12,
-2.0,-2.832144727986313E12,
-2.0,-2.832144727986313E12,
-2.0,-2.82321029996604E12,
-2.0,-2.82321029996604E12,
-2.0,-2.82321029996604E12,
-2.0,-2.820284926987735E12,
-2.0,-2.820284926987735E12,
-2.0,-2.820284926987735E12,
-2.0,-2.820284926987735E12,
-2.0,-2.820284926987735E12,
micro
-3.0,-6.0,-1.296700255201E12,
-3.0,-5.0,-1.29670027441E12,
-3.0,-5.0,-1.29670027441E12,
-3.0,-5.0,-1.29670025202E12,
-3.0,-4.0,-1.296700347358E12,
-3.0,-4.0,-1.296700163605E12,
-3.0,-4.0,-1.296700163605E12,
-3.0,-4.0,-1.296700163605E12,
-3.0,-4.0,-1.296700142187E12,
-3.0,-4.0,-1.296700142187E12,
macro
-3.0,-1.80632221824853E12,
-3.0,-1.80632221824853E12,
-3.0,-1.80632221824853E12,
-3.0,-1.80632221824853E12,
-3.0,-1.80632221824853E12,
micro
-3.0,0.0,-1.296702049874E12,
-3.0,0.0,-1.296702003274E12,
-3.0,0.0,-1.296702003274E12,
-3.0,0.0,-1.296702003274E12,
-3.0,0.0,-1.296702003274E12,
-3.0,0.0,-1.296702003274E12,
-3.0,0.0,-1.296702003274E12,
-3.0,0.0,-1.296702000706E12,
-3.0,0.0,-1.296701989911E12,
-3.0,0.0,-1.296701978613E12,
macro
-3.0,-8.785034849056332E11,
-3.0,-8.785034849056332E11,
-3.0,-8.785034849056332E11,
-3.0,-8.785034849056332E11,
-3.0,-8.7838668178977E11,
-3.0,-8.7838668178977E11,
-3.0,-8.7838668178977E11,
-3.0,-8.7838668178977E11,
-3.0,-8.7838668178977E11,
micro
-3.0,0.0,-1.296703815756E12,
-3.0,0.0,-1.296703802756E12,
-3.0,0.0,-1.296703802652E12,
-3.0,0.0,-1.296703779812E12,
-3.0,0.0,-1.296703779812E12,
-3.0,0.0,-1.296703766394E12,
-3.0,0.0,-1.296703757528E12,
-3.0,0.0,-1.296703753315E12,
-3.0,0.0,-1.296703673127E12,
-3.0,0.0,-1.296703673127E12,
macro
-3.0,-5.751918973898173E11,
-3.0,-5.751918973898173E11,
-3.0,-5.751918973898173E11,
-3.0,-5.751918973898173E11,
-3.0,-5.751918973898173E11,
micro
-3.0,0.0,-1.296704183393E12,
-3.0,0.0,-1.296704183393E12,
-3.0,0.0,-1.296704183393E12,
-3.0,0.0,-1.296704183393E12,
macro
-3.0,-5.751770060649642E11,
-3.0,-5.751770060649642E11,
-3.0,-5.751770060649642E11,
-3.0,-5.751770060649642E11,
-3.0,-5.751770060649642E11,
micro
-3.0,0.0,-1.296704183393E12,
-3.0,0.0,-1.296704183393E12,
-3.0,0.0,-1.296704183393E12,
-3.0,0.0,-1.296704183393E12,
macro
-3.0,-5.751770060649642E11,
-3.0,-5.751770060649642E11,
-3.0,-5.751770060649642E11,
-3.0,-5.751770060649642E11,
-3.0,-5.751770060649642E11,
micro
-3.0,0.0,-1.296704183393E12,
-3.0,0.0,-1.296704183393E12,
-3.0,0.0,-1.296704183393E12,
-3.0,0.0,-1.296704183393E12,
macro
-3.0,-5.751770060649642E11,
-3.0,-5.751770060649642E11,
-3.0,-5.751770060649642E11,
-3.0,-5.751770060649642E11,
-3.0,-5.751770060649642E11,
micro
-3.0,0.0,-1.296704183393E12,
-3.0,0.0,-1.296704183393E12,
-3.0,0.0,-1.296704183393E12,
-3.0,0.0,-1.296704183393E12,