[
  [
    6447,
    2524,
    3733,
    497,
    253,
    1926,
    469,
    479,
    398,
    6874,
    3718,
    5532,
    2028,
    317,
    408,
    5781,
    1520,
    3672,
    4773,
    5283,
    5731,
    2929,
    1977,
    2515,
    5177,
    1935,
    3699,
    6256,
    4716,
    1946,
    1987,
    552,
    235,
    297,
    4746,
    1503,
    6889,
    337,
    793,
    2336,
    378
  ],
  [
    4760,
    6264,
    3719,
    2633,
    2930,
    2901,
    1955,
    5533,
    6439,
    2849,
    6875,
    2015,
    4725,
    4747,
    5789,
    1138,
    3700,
    1014
  ],
  [
    1679,
    6240,
    1623,
    2788,
    3615,
    1739,
    6016,
    1005,
    2215,
    1511,
    4748,
    991
  ]
]