[
  [
    979,
    2105,
    4887,
    2363,
    3821,
    1418,
    6783,
    1862,
    1854,
    3893,
    6410,
    5478,
    5853,
    3117,
    3854,
    5969,
    5486,
    5978,
    5523,
    2424,
    4968,
    5940,
    1846,
    5994,
    5504,
    1094,
    5902,
    940,
    6341,
    5467,
    5459,
    3865,
    819,
    6418,
    2475,
    2646,
    1298,
    5986,
    3970
  ],
  [
    3813,
    7171,
    1426,
    3069,
    5916,
    456,
    1825,
    2497,
    5015,
    612,
    2486,
    3006,
    5903,
    3917,
    1053,
    3792,
    3052,
    784,
    6834,
    6380
  ],
  [
    3957,
    4888,
    5799,
    4955,
    7172,
    433,
    6325,
    529,
    2968,
    3079,
    3803,
    5904
  ]
]