[
  [
    6783,
    932,
    6814,
    3928,
    5459,
    5853,
    2991,
    6791,
    5512,
    6736,
    3821,
    6390,
    5338,
    6842,
    713,
    5902,
    2443,
    7185,
    6369,
    6323,
    586,
    4968,
    6754,
    6799,
    1456,
    1437,
    5940,
    6341,
    4945,
    7170,
    3955,
    6399,
    6358,
    886,
    5033,
    969
  ],
  [
    2475,
    2454,
    6755,
    2424,
    2944,
    6324,
    1825,
    5339,
    1464,
    6772,
    6800,
    1846,
    1448,
    5420,
    5903,
    3052,
    3096,
    3929,
    3956,
    6737,
    4976,
    3917,
    6825
  ],
  [
    5431,
    4783,
    5904,
    4916,
    6738,
    6303,
    6756,
    2931,
    5340,
    6350,
    1833,
    5916,
    6325
  ],
  [
    1418,
    3763
  ],
  [
    5815
  ]
]