macro
-8.0,-9.680540598688533E13,
-8.0,-9.680540598688533E13,
micro
-9.0,-6.701416279274566E13,
-9.0,-6.701416279274566E13,
-7.0,-6.333723521208047E13,
-6.0,-6.295548945710647E13,
-5.0,-6.4563015935273305E13,
-5.0,-6.319846489234607E13,
-4.0,-6.220401811159159E13,
-4.0,-6.220401811159159E13,
-4.0,-6.205805117691262E13,
-3.0,-6.2149691715312445E13,
-2.0,-6.183625981489221E13,
macro
-2.0,-4.446319793952999E13,
-2.0,-4.414289837582033E13,
-2.0,-4.390379712979376E13,
-2.0,-4.368055433626601E13,
-2.0,-4.359360103204538E13,
-2.0,-4.358092800015938E13,
-2.0,-4.351779919203615E13,
-2.0,-4.338782828597684E13,
-2.0,-4.338782828597684E13,
-2.0,-4.330764631227712E13,
-2.0,-4.323232508733208E13,
micro
-2.0,-3.433787835285916E13,
-2.0,-3.432033511701858E13,
-2.0,-3.421530775507001E13,
-2.0,-3.421530775507001E13,
-2.0,-3.4175610897415168E13,
-2.0,-3.403280529987049E13,
-2.0,-3.403280529987049E13,
-2.0,-3.396255185472001E13,
-2.0,-3.396255185472001E13,
-2.0,-3.39431447838704E13,
-2.0,-3.387843430723754E13,
macro
-2.0,-2.8069042428927555E13,
-2.0,-2.7924491619109484E13,
-2.0,-2.7924491619109484E13,
-2.0,-2.7907784437719324E13,
-2.0,-2.7838739119152984E13,
-2.0,-2.7838739119152984E13,
-2.0,-2.778323502450149E13,
-2.0,-2.7776973774405547E13,
-2.0,-2.7687628504129848E13,
-2.0,-2.7687628504129848E13,
-2.0,-2.761741020057986E13,
micro
-3.0,-2.061151892038816E13,
-3.0,-2.061151892038816E13,
-3.0,-2.0531412416175387E13,
-3.0,-2.0487702970324727E13,
-3.0,-2.0480487715361793E13,
-3.0,-2.0480487715361793E13,
-3.0,-2.046309074096314E13,
-3.0,-2.041967033042789E13,
-3.0,-2.040959366651087E13,
-3.0,-2.040959366651087E13,
-3.0,-2.0409341649769113E13,
macro
-3.0,-1.595605673146322E13,
-3.0,-1.595605673146322E13,
-3.0,-1.5931776716422482E13,
-3.0,-1.5931776716422482E13,
-3.0,-1.588052145130144E13,
-3.0,-1.5850943801349438E13,
-3.0,-1.5850943801349438E13,
-3.0,-1.5850943801349438E13,
-3.0,-1.5817419375923945E13,
-3.0,-1.5817419375923945E13,
-3.0,-1.5817419375923945E13,
micro
-4.0,-1.155661771068768E13,
-4.0,-1.145307826543782E13,
-4.0,-1.143551646664351E13,
-4.0,-1.1433702808685748E13,
-4.0,-1.1413104674626465E13,
-4.0,-1.1413104674626465E13,
-4.0,-1.1413104674626465E13,
-4.0,-1.1384162302043062E13,
-4.0,-1.1384162302043062E13,
-4.0,-1.1384162302043062E13,
-4.0,-1.1384162302043062E13,
macro
-4.0,-6.936158446297726E12,
-4.0,-6.936158446297726E12,
-4.0,-6.936158446297726E12,
-4.0,-6.936158446297726E12,
-4.0,-6.936158446297726E12,
micro
-4.0,-4.0593424291529937E12,
-4.0,-4.0593424291529937E12,
-4.0,-4.0593424291529937E12,
-4.0,-4.0507591213690435E12,
-4.0,-4.0507591213690435E12,
-4.0,-4.0507428997167964E12,
-4.0,-4.0507428997167964E12,
-4.0,-4.0507428997167964E12,
-4.0,-4.0507428997167964E12,
-4.0,-4.0507428997167964E12,
macro
-4.0,-2.7017204523838105E12,
-4.0,-2.7017204523838105E12,
-4.0,-2.7017204523838105E12,
-4.0,-2.701692585623455E12,
-4.0,-2.701692585623455E12,
-4.0,-2.701692585623455E12,
-4.0,-2.701692585623455E12,
-4.0,-2.701692585623455E12,
micro
-6.0,-1.5429215574484443E12,
-6.0,-1.5429215574484443E12,
-6.0,-1.5429215574484443E12,
-6.0,-1.5425068337617627E12,
-6.0,-1.5425068337617627E12,
-6.0,-1.5425068337617627E12,
-6.0,-1.5425068337617627E12,
-6.0,-1.5425068337617627E12,
macro
-6.0,-9.09876128651956E11,
-6.0,-9.09876128651956E11,
-6.0,-9.09876128651956E11,
-6.0,-9.09876128651956E11,
-6.0,-9.09876128651956E11,
micro
-6.0,-6.75906903466485E11,
-6.0,-6.75906903466485E11,
-6.0,-6.75906903466485E11,
-6.0,-6.75906903466485E11,
-6.0,-6.75906903466485E11,
macro
-6.0,-6.75906903466485E11,
-6.0,-6.75906903466485E11,
-6.0,-6.75906903466485E11,
-6.0,-6.75906903466485E11,
-6.0,-6.75906903466485E11,
micro
-6.0,-6.75906903466485E11,
-6.0,-6.75906903466485E11,
-6.0,-6.75906903466485E11,
-6.0,-6.75906903466485E11,
-6.0,-6.75906903466485E11,
macro
-6.0,-6.75906903466485E11,
-6.0,-6.75906903466485E11,
-6.0,-6.75906903466485E11,
-6.0,-6.75906903466485E11,
-6.0,-6.75906903466485E11,
micro
