[
  [
    1737,
    4198,
    4612,
    114,
    3501,
    70,
    281,
    152,
    62,
    2299,
    2691,
    348,
    4462,
    4453,
    20,
    54,
    3302,
    455,
    3277,
    3978,
    122,
    3551,
    4515,
    142,
    5106,
    5053,
    2682,
    2311,
    4604,
    2786,
    4121,
    4422,
    5089,
    4495,
    3543,
    132,
    2261,
    3519,
    80
  ],
  [
    3303,
    5054,
    2721,
    3552,
    4104,
    3332,
    3153,
    3402,
    3278,
    3249,
    2787,
    1738,
    3210,
    3391,
    4582,
    5097,
    1678,
    4148,
    4138,
    4620,
    3422,
    4008,
    3128
  ],
  [
    3236,
    4219,
    3433,
    3140,
    3264,
    3221,
    5055
  ]
]