[
  [
    3501,
    4524,
    4547,
    142,
    4334,
    3543,
    4571,
    132,
    3468,
    4555,
    114,
    4068,
    4612,
    348,
    3201,
    455,
    4121,
    2311,
    5053,
    2299,
    5089,
    70,
    2729,
    4453,
    2750,
    4167,
    1409,
    2786,
    3457,
    4620,
    1677,
    3371,
    1694,
    106,
    3978,
    3519,
    3551,
    152,
    122,
    2691,
    2682,
    3181
  ],
  [
    4198,
    3402,
    4593,
    2721,
    5097,
    4604,
    4138,
    3153,
    3552,
    4525,
    4484,
    4582,
    4176,
    1678,
    4335,
    5054,
    3210,
    3249,
    2730,
    3446,
    2787,
    5106
  ],
  [
    3221,
    3319,
    4526,
    4336,
    3264,
    4272,
    5055,
    3140
  ]
]