[
  [
    6122,
    6139,
    6557,
    7098,
    6576,
    6105,
    5523,
    3947,
    1084,
    6089,
    7050,
    6114,
    7070,
    6648,
    5608,
    6637,
    7089,
    1074,
    7035,
    7107,
    1263,
    5959,
    3077,
    4996,
    2074,
    914,
    6097,
    7026,
    1290,
    1593,
    6627,
    904,
    6603,
    1610,
    6614,
    932,
    1282,
    6070
  ],
  [
    7036,
    3876,
    3906,
    1873,
    6558,
    6577,
    3060,
    6071,
    4997,
    4985,
    7071,
    1271,
    3106,
    3078,
    7108,
    6131,
    5024,
    1252,
    2467
  ],
  [
    7060,
    7072,
    7109,
    7037,
    3079,
    4955,
    4928
  ]
]