[
  [
    922,
    6097,
    7035,
    819,
    7107,
    7089,
    6603,
    5634,
    6131,
    6070,
    6557,
    6105,
    6114,
    6576,
    7026,
    7070,
    6595,
    1610,
    3906,
    865,
    6614,
    5495,
    1263,
    2074,
    1298,
    6648,
    7098,
    1282,
    7050,
    1585,
    1593,
    6627
  ],
  [
    1045,
    5635,
    5044,
    6071,
    6577,
    2644,
    1271,
    7108,
    3876,
    1252,
    1061,
    3060,
    7071,
    2992,
    7036,
    357,
    6558,
    4985
  ],
  [
    7072,
    700,
    7060,
    3079,
    6559,
    1873,
    7109,
    4928,
    3035
  ]
]