[
  [
    6851,
    5771,
    337,
    4060,
    1926,
    1906,
    2911,
    2344,
    1882,
    5283,
    4628,
    5551,
    5731,
    3733,
    3342,
    3413,
    497,
    1564,
    1987,
    6874,
    5781,
    1503,
    1946,
    1060,
    1052,
    2515,
    297,
    5222,
    2608,
    5177,
    1893,
    170,
    1044,
    6025,
    6002,
    2336,
    793,
    408,
    5762,
    3672,
    1935,
    6256,
    4716,
    5532
  ],
  [
    5789,
    5533,
    2849,
    6003,
    2633,
    1138,
    2524,
    1121,
    6852,
    1955,
    1764,
    2901,
    4760,
    2015,
    6875
  ],
  [
    6264,
    1310,
    4748,
    5259,
    2857,
    2319,
    6240,
    1739,
    991,
    1623,
    1679,
    1005
  ]
]