[
  [
    552,
    3682,
    2344,
    1564,
    5283,
    2849,
    5781,
    170,
    4688,
    1044,
    1893,
    1946,
    6256,
    497,
    3672,
    5551,
    5532,
    6874,
    1808,
    235,
    370,
    398,
    2911,
    1052,
    2524,
    4716,
    378,
    793,
    4773,
    1537,
    4746,
    6025,
    2336,
    3733,
    6002,
    253,
    408,
    6851,
    2028,
    1060
  ],
  [
    4760,
    6875,
    2309,
    2901,
    2633,
    2919,
    1121,
    5789,
    4725,
    1014,
    4747,
    2260,
    5533,
    1138,
    1935,
    6003,
    1955,
    1764,
    2015,
    6852,
    1997,
    2298
  ],
  [
    1623,
    1005,
    2857,
    2319,
    1926,
    5259,
    2788,
    6240
  ]
]