[
  [
    3362,
    261,
    5080,
    2882,
    6195,
    225,
    1549,
    6214,
    6676,
    699,
    2287,
    1713,
    2814,
    2825,
    611,
    1512,
    287,
    5168,
    2866,
    4207,
    4735,
    1694,
    6222,
    6150,
    235,
    2171,
    6657,
    4050,
    2243
  ],
  [
    1327,
    1668,
    4176,
    6658,
    1354,
    6685,
    5235,
    4085,
    2883,
    2252,
    3532,
    1343,
    1882,
    3640,
    4076,
    6151,
    2700,
    4364,
    6196,
    3391,
    5751
  ],
  [
    3553,
    2788,
    6659,
    4246,
    5643,
    4563,
    4473,
    6176,
    4113,
    4129,
    6187,
    1700,
    6197,
    3279
  ],
  [
    1649,
    4095,
    4678,
    1657
  ],
  [
    3631,
    4400,
    4259
  ],
  [
    4688
  ]
]