[
  [
    6497,
    6897,
    576,
    6889,
    5559,
    479,
    602,
    1520,
    4707,
    1458,
    2418,
    6916,
    620,
    170,
    2617,
    6866,
    6447,
    489,
    6458,
    1168,
    2028,
    6936,
    2006,
    6016,
    1547,
    6927,
    1977,
    6473
  ],
  [
    1130,
    2039,
    1528,
    2633,
    1149,
    4815,
    3742,
    2930,
    1179,
    3680,
    1160,
    2047,
    2625,
    6898,
    1475,
    1121,
    3755,
    6474,
    1964,
    5275,
    1536
  ],
  [
    2597,
    3743,
    4807,
    2300,
    6876,
    6439,
    2262,
    6899,
    6853,
    6475,
    1695,
    1739,
    6429
  ],
  [
    1511,
    1495,
    2066
  ],
  [
    1917,
    1026
  ]
]