[
  [
    1767,
    6352,
    2289,
    1986,
    5282,
    6845,
    242,
    444,
    1543,
    4852,
    1196,
    2052,
    2995,
    557,
    2106,
    349,
    2952,
    2982,
    1622,
    6853,
    2330,
    5252,
    3020,
    341,
    5860,
    286,
    6837,
    5834,
    3837,
    3499,
    6872
  ],
  [
    2961,
    1424,
    3771,
    5799,
    3811,
    558,
    1392,
    2915,
    6330,
    3021,
    4843,
    3838,
    1775,
    1740,
    2341,
    2379,
    6854,
    4808,
    2369,
    1381
  ],
  [
    3365,
    3917,
    4355,
    3665,
    3864,
    6301,
    5228,
    3259,
    3244,
    3559,
    2350,
    6855,
    3755,
    2004,
    3705,
    4521
  ],
  [
    3594,
    2877
  ],
  [
    4551,
    4436
  ]
]