[
  [
    639,
    705,
    3832,
    667,
    6049,
    1574,
    6041,
    4887,
    6506,
    6986,
    809,
    1241,
    6517,
    6947,
    517,
    4875,
    2991,
    558,
    566,
    1190,
    307,
    4781,
    5310,
    6488,
    4864,
    5292,
    1210,
    1563,
    6997,
    734,
    6966,
    4799,
    959,
    2966,
    2055,
    6060,
    6544,
    4826,
    317,
    542,
    6526,
    6033,
    657
  ],
  [
    6976,
    3776,
    1555,
    1766,
    5320,
    6948,
    5328,
    6998,
    1486,
    6459,
    1033,
    1199,
    5293,
    2955,
    6527,
    1219,
    4827,
    3813,
    1014,
    4782
  ],
  [
    5534,
    2319,
    1310,
    628,
    3720,
    6460,
    6004,
    3701,
    2884,
    1679,
    6949,
    6528,
    1367
  ]
]