[
  [
    4703,
    6310,
    4787,
    2995,
    2563,
    3001,
    3753,
    190,
    2974,
    3695,
    295,
    4061,
    4773,
    2117,
    200,
    3822,
    5807,
    475,
    182,
    5780,
    278,
    3676,
    5765,
    2252,
    5735,
    6321,
    3557,
    5754,
    4742,
    1155,
    1715,
    5226,
    5102,
    2944,
    226
  ],
  [
    5183,
    4774,
    2278,
    5218,
    5808,
    3558,
    2242,
    5149,
    2701,
    3518,
    2907,
    4615,
    5227,
    1724,
    5788,
    3823,
    5271,
    2656,
    2319,
    5746,
    3002,
    4471,
    3754,
    6550,
    2894,
    5766,
    5194,
    2885,
    4480,
    2118,
    3687
  ],
  [
    5826,
    2270,
    4319,
    4543,
    2684,
    4453,
    4164,
    3728,
    4643
  ],
  [
    5244,
    1732,
    4108
  ],
  [
    1693,
    4511
  ],
  [
    4498
  ]
]