[
  [
    6754,
    3955,
    1854,
    1437,
    6814,
    3077,
    904,
    7170,
    4914,
    6791,
    6358,
    687,
    3970,
    5927,
    4977,
    724,
    3928,
    754,
    6390,
    2443,
    6323,
    969,
    2105,
    950,
    922,
    4953,
    5902,
    865,
    886,
    2991,
    5033,
    6799,
    2646,
    6736,
    3792,
    914,
    5512,
    932,
    6825,
    3815,
    819
  ],
  [
    6755,
    5420,
    2424,
    1426,
    6834,
    3929,
    2454,
    6772,
    2435,
    3096,
    6800,
    6324,
    3078,
    2944,
    4954,
    1448,
    6737,
    4885,
    4915,
    3956,
    5903,
    2374,
    1833
  ],
  [
    5386,
    3035,
    4783,
    6284,
    3816,
    6303,
    2931,
    6756,
    3763,
    5431,
    3842,
    6738,
    6350,
    4916
  ],
  [
    5815
  ]
]