[
  [
    2562,
    6150,
    5651,
    3602,
    5131,
    3613,
    3581,
    527,
    6165,
    1737,
    3277,
    5117,
    3978,
    5147,
    1636,
    5141,
    3592,
    419,
    152,
    3371,
    162,
    261,
    4637,
    2317,
    4648,
    5692,
    611,
    5662,
    5714,
    196,
    1132,
    204,
    4667
  ],
  [
    3278,
    5673,
    5703,
    528,
    2586,
    6151,
    2318,
    5118,
    2181,
    5080,
    2748,
    2553,
    3651,
    2189,
    3614,
    4656,
    5155,
    3190,
    2171,
    2252,
    1738,
    1668,
    3391,
    5681,
    2573
  ],
  [
    2197,
    4364,
    3319,
    2764,
    2731,
    4563,
    5142,
    3570,
    5072,
    2775,
    2700,
    2805
  ],
  [
    4246,
    3362,
    5643,
    4207,
    4041
  ]
]