[
  [
    542,
    517,
    6966,
    639,
    4864,
    4887,
    4799,
    667,
    558,
    6986,
    6526,
    1190,
    5352,
    6997,
    3033,
    2929,
    6947,
    876,
    1563,
    378,
    734,
    6488,
    1574,
    5338,
    6506,
    2966,
    4781,
    6517,
    1284,
    6041,
    1210,
    4826,
    744,
    6544,
    5292,
    4875,
    307,
    317,
    1241,
    2055,
    959,
    3840,
    5310,
    3832,
    566,
    793,
    657
  ],
  [
    6948,
    6527,
    1219,
    5293,
    3813,
    3841,
    2967,
    4827,
    1486,
    2955,
    1033,
    5339,
    1555,
    1766,
    1199,
    3784,
    5328,
    2930,
    6998,
    5320,
    3776,
    6976,
    4782,
    6049
  ],
  [
    6528,
    628,
    3743,
    3701,
    6949,
    6004
  ]
]