[
  [
    408,
    1946,
    6897,
    2515,
    6936,
    2617,
    6473,
    6497,
    6033,
    6060,
    5559,
    6866,
    6889,
    5275,
    602,
    6458,
    2597,
    1044,
    1168,
    2929,
    576,
    6916,
    1834,
    2028,
    4707,
    170,
    307,
    489,
    317,
    1503,
    3741,
    1547,
    6016,
    542,
    1052,
    6447,
    6927,
    620
  ],
  [
    6474,
    1964,
    1179,
    6898,
    3680,
    1160,
    3742,
    1475,
    6459,
    1149,
    1528,
    2039,
    2930,
    2625,
    1536,
    2006
  ],
  [
    6429,
    5534,
    3615,
    3720,
    6876,
    6853,
    6475,
    4748,
    6899,
    6439
  ],
  [
    1495,
    1511
  ],
  [
    1917
  ]
]