[
  [
    7194,
    3291,
    6276,
    6241,
    763,
    5669,
    895,
    797,
    5727,
    1331,
    6762,
    2610,
    4335,
    1260,
    5049,
    4255,
    2618,
    694,
    3378,
    5705,
    1024,
    7255,
    7184,
    5690,
    7236,
    7220,
    6220,
    1663,
    4228,
    4207,
    6261,
    5651,
    7247,
    1321
  ],
  [
    3292,
    7256,
    2784,
    6250,
    1271,
    6763,
    5501,
    1292,
    476,
    5057,
    3379,
    7195,
    1097,
    5691,
    5017,
    2825,
    6262,
    4336,
    1303,
    2449,
    4229,
    2206,
    5652,
    2215
  ],
  [
    3380,
    7196,
    3310,
    5525,
    3293,
    4230,
    6081
  ],
  [
    6100,
    2544
  ],
  [
    6109
  ]
]