[
  [
    699,
    3292,
    6214,
    6222,
    2882,
    6657,
    5141,
    6195,
    4678,
    287,
    5072,
    4016,
    6676,
    1522,
    188,
    225,
    2287,
    4539,
    2866,
    3682,
    4735,
    4113,
    2232,
    2838,
    243,
    2279,
    5762,
    6693,
    3592,
    1713,
    4563,
    441,
    2243,
    5212
  ],
  [
    4076,
    1327,
    3362,
    2814,
    4085,
    3353,
    6685,
    2883,
    5235,
    2260,
    6658,
    6196,
    1354,
    2506,
    3382,
    3532,
    4050,
    3631,
    1343
  ],
  [
    6176,
    4473,
    5751,
    4148,
    6659,
    4129,
    6187,
    6197,
    4688,
    4246,
    3553,
    1700
  ],
  [
    4095,
    1649,
    1657
  ],
  [
    4400,
    4259
  ]
]