[
  [
    6693,
    699,
    6222,
    5643,
    327,
    5201,
    6657,
    4637,
    6195,
    1522,
    188,
    1713,
    3371,
    1512,
    243,
    235,
    441,
    2243,
    2838,
    6676,
    2866,
    287,
    2562,
    2232,
    1530,
    4735,
    2279,
    2299,
    2882,
    2287,
    6214,
    269,
    463,
    5141
  ],
  [
    2748,
    3688,
    6685,
    4076,
    1354,
    1327,
    6196,
    3382,
    2573,
    6658,
    5235,
    1343,
    4085,
    4050,
    3640,
    4678,
    2883,
    2814,
    3532,
    5177
  ],
  [
    5119,
    4129,
    2215,
    3319,
    3631,
    5142,
    6659,
    3553,
    6176,
    6187,
    6197,
    5751,
    4473,
    1700,
    2788,
    3615
  ],
  [
    4095,
    1649,
    1657,
    4688
  ],
  [
    4400,
    4259
  ]
]