-15.0,55.00656356227392,
-14.0,55.19970404311637,
-8.0,54.15923510770373,
-6.0,53.816989948024606,
-6.0,54.35409836625269,
-6.0,54.48590276694304,
-3.0,54.019100168174546,
-3.0,54.35111647971042,
-3.0,54.55635127995927,
-2.0,53.9847323110379,
-2.0,54.303579518767684,
micro
0.0,0.0,-1.296682118314E12,
0.0,0.0,-1.296682110888E12,
0.0,0.0,-1.296682099286E12,
0.0,0.0,-1.296682099286E12,
0.0,0.0,-1.296682098602E12,
0.0,0.0,-1.296682098602E12,
0.0,0.0,-1.296682098602E12,
0.0,0.0,-1.296682098602E12,
0.0,0.0,-1.296682098602E12,
macro
-3.0,53.154569033728855,
-2.0,53.522019679018605,
-1.0,52.946051304250105,
-1.0,52.94622346686121,
-1.0,53.11443818627633,
-1.0,53.11443818627633,
-1.0,53.235550818687805,
-1.0,53.42052219347433,
-1.0,53.421142504348396,
-1.0,53.48592379034996,
-1.0,53.55604369651773,
micro
0.0,0.0,-1.296683890126E12,
0.0,0.0,-1.296683867953E12,
0.0,0.0,-1.296683837912E12,
0.0,0.0,-1.296683837912E12,
0.0,0.0,-1.296683837912E12,
0.0,0.0,-1.296683817177E12,
0.0,0.0,-1.296683817177E12,
0.0,0.0,-1.296683817177E12,
0.0,0.0,-1.296683817177E12,
0.0,0.0,-1.296683817177E12,
macro
-1.0,52.34627545531256,
-1.0,52.58465571449375,
-1.0,53.010537664820724,
-1.0,53.30823143671605,
-1.0,53.30866317988808,
-1.0,53.37561413000707,
-1.0,53.39505184242193,
-1.0,53.44714529502548,
-1.0,53.44714529502548,
-1.0,53.458396145487484,
-1.0,53.46707208395148,
micro
0.0,0.0,-1.296685838853E12,
0.0,0.0,-1.296685801405E12,
0.0,0.0,-1.296685801405E12,
0.0,0.0,-1.296685798051E12,
0.0,0.0,-1.296685773283E12,
0.0,0.0,-1.296685762981E12,
0.0,0.0,-1.296685750945E12,
0.0,0.0,-1.296685722748E12,
0.0,0.0,-1.296685693064E12,
0.0,0.0,-1.296685693064E12,
macro
-2.0,51.81747369710191,
-2.0,51.821770103135464,
-2.0,51.822860735602575,
-2.0,51.82675182653734,
-2.0,51.831663682651744,
-2.0,51.90206479223147,
-2.0,51.97124365622825,
-2.0,51.97124365622825,
-2.0,51.97800290808914,
-2.0,51.98447510379947,
-2.0,51.98447510379947,
micro
0.0,0.0,-1.296687560644E12,
0.0,0.0,-1.29668751004E12,
0.0,0.0,-1.29668751004E12,
0.0,0.0,-1.29668751004E12,
0.0,0.0,-1.29668751004E12,
0.0,0.0,-1.29668751004E12,
0.0,0.0,-1.29668751004E12,
0.0,0.0,-1.29668751004E12,
0.0,0.0,-1.296687495246E12,
0.0,0.0,-1.296687478106E12,
macro
-2.0,49.647637288109465,
-2.0,49.66058441673915,
-2.0,49.6610638127187,
-2.0,49.66272616380359,
-2.0,49.667012344335284,
-2.0,49.70438483674484,
-2.0,49.70438483674484,
-2.0,49.70466122884928,
-2.0,49.709588125223284,
-2.0,49.71480066631751,
-2.0,49.719185305858176,
micro
-4.0,-2.0,-1.296689507194E12,
-4.0,-2.0,-1.296689440393E12,
-3.0,-1.0,-1.296689508053E12,
-3.0,-1.0,-1.296689440307E12,
-3.0,-1.0,-1.296689398056E12,
-3.0,-1.0,-1.296689395276E12,
-3.0,-1.0,-1.296689395276E12,
-3.0,-1.0,-1.29668937468E12,
-3.0,-1.0,-1.296689355308E12,
-3.0,-1.0,-1.296689355308E12,
macro
-3.0,47.41315115206573,
-3.0,47.41315115206573,
-3.0,47.41429750101596,
-3.0,47.45942603651321,
-3.0,47.45942603651321,
-3.0,47.4620586073132,
-3.0,47.4620586073132,
-3.0,47.46491062873275,
-3.0,47.50489021315565,
-3.0,47.505239281698316,
-3.0,47.50533386435632,
micro
-3.0,0.0,-1.296691136532E12,
-3.0,0.0,-1.296691117365E12,
-3.0,0.0,-1.296691117365E12,
-3.0,0.0,-1.296691117365E12,
-3.0,0.0,-1.296691117365E12,
-3.0,0.0,-1.296691117365E12,
-3.0,0.0,-1.296691110904E12,
-3.0,0.0,-1.296691110904E12,
-3.0,0.0,-1.296691110904E12,
-3.0,0.0,-1.296691102643E12,
macro
-3.0,45.03939572101215,
-3.0,45.03939572101215,
-3.0,45.03939572101215,
-3.0,45.03981038108458,
-3.0,45.03981038108458,
-3.0,45.03981038108458,
-3.0,45.03981038108458,
-3.0,45.03981038108458,
micro
-3.0,-1.0,-1.296692990281E12,
-3.0,-1.0,-1.29669296842E12,
-3.0,-1.0,-1.296692938563E12,
-3.0,-1.0,-1.296692938563E12,
-3.0,-1.0,-1.296692930876E12,
-3.0,-1.0,-1.296692930876E12,
-3.0,-1.0,-1.29669292987E12,
-3.0,-1.0,-1.29669292987E12,
-3.0,-1.0,-1.29669292987E12,
-3.0,-1.0,-1.296692927374E12,
macro
-3.0,42.70839622941435,
-3.0,42.70946503137635,
-3.0,42.70946503137635,
-3.0,42.70946503137635,
-3.0,42.71080184316035,
-3.0,42.71080184316035,
-3.0,42.71405204208012,
-3.0,42.71520010501368,
-3.0,42.86866393267079,
-3.0,42.86866393267079,
-3.0,42.86866393267079,
micro
-3.0,-4.0,-1.296694711387E12,
-3.0,-4.0,-1.296694697564E12,
-3.0,-4.0,-1.296694687651E12,
-3.0,-4.0,-1.296694678391E12,
-3.0,-4.0,-1.296694678391E12,
-3.0,-4.0,-1.296694665334E12,
-3.0,-4.0,-1.296694665334E12,
-3.0,-4.0,-1.296694665334E12,
-3.0,-4.0,-1.296694665334E12,
-3.0,-4.0,-1.296694665334E12,
macro
-3.0,39.82039373807782,
-3.0,39.82265046776471,
-3.0,39.82265046776471,
-3.0,39.82265046776471,
-3.0,39.82325445259782,
-3.0,39.82325445259782,
-3.0,39.82325445259782,
-3.0,39.82325445259782,
-3.0,39.82325445259782,
micro
-3.0,-8.0,-1.296696559926E12,
-3.0,-8.0,-1.296696534672E12,
-3.0,-8.0,-1.296696533316E12,
-3.0,-8.0,-1.296696533316E12,
-3.0,-8.0,-1.29669646565E12,
-3.0,-8.0,-1.29669644323E12,
-3.0,-8.0,-1.29669644323E12,
-3.0,-8.0,-1.296696436343E12,
-3.0,-8.0,-1.296696430271E12,
-3.0,-8.0,-1.296696417087E12,
macro
-3.0,37.33621280365912,
-3.0,37.337753186223736,
-3.0,37.35419531273752,
-3.0,37.35419531273752,
-3.0,37.35419531273752,
-3.0,37.35419531273752,
-3.0,37.35419531273752,
micro
-3.0,-8.0,-1.296698305441E12,
-3.0,-8.0,-1.296698305441E12,
-3.0,-8.0,-1.296698305014E12,
-3.0,-8.0,-1.296698305014E12,
-3.0,-8.0,-1.296698305014E12,
-3.0,-8.0,-1.296698299735E12,
-3.0,-8.0,-1.296698299735E12,
-3.0,-8.0,-1.296698299735E12,
-3.0,-8.0,-1.296698299735E12,
-3.0,-8.0,-1.296698296111E12,
macro
-5.0,34.39179742443311,
-5.0,34.40837275586978,
-5.0,34.41056784572657,
-5.0,34.59252388777747,
-5.0,34.59252388777747,
-5.0,34.59252388777747,
-5.0,34.59252388777747,
-5.0,34.59252388777747,
micro
-11.0,-12.0,-1.296700067073E12,
-10.0,-11.0,-1.296700194066E12,
-10.0,-11.0,-1.296700190929E12,
-8.0,-9.0,-1.296700220597E12,
-8.0,-9.0,-1.296700220597E12,
-8.0,-9.0,-1.296700220597E12,
-8.0,-9.0,-1.296700220597E12,
-8.0,-9.0,-1.296700220597E12,
-8.0,-9.0,-1.296700220597E12,
-8.0,-9.0,-1.296700220597E12,
macro
-10.0,30.836016502283854,
-10.0,30.836016502283854,
-10.0,30.836016502283854,
-10.0,30.836016502283854,
-10.0,30.836016502283854,
micro
-11.0,-3.0,-1.296701928145E12,
-11.0,-3.0,-1.296701880932E12,
-11.0,-3.0,-1.296701880932E12,
-11.0,-3.0,-1.296701880932E12,
-11.0,-3.0,-1.296701880932E12,
-11.0,-3.0,-1.296701870318E12,
-11.0,-3.0,-1.296701866891E12,
-11.0,-3.0,-1.296701855574E12,
-11.0,-3.0,-1.296701855574E12,
-11.0,-3.0,-1.296701850605E12,
macro
-12.0,28.063288776128754,
-12.0,28.063288776128754,
-12.0,28.063288776128754,
-12.0,28.063288776128754,
-12.0,28.063288776128754,
micro
-11.0,0.0,-1.296703600698E12,
-11.0,0.0,-1.296703600698E12,
-11.0,0.0,-1.296703600698E12,
-11.0,0.0,-1.296703573008E12,
-11.0,0.0,-1.296703550779E12,
-11.0,0.0,-1.296703550779E12,
-11.0,0.0,-1.296703550779E12,
-11.0,0.0,-1.296703550779E12,
-11.0,0.0,-1.296703542796E12,
-11.0,0.0,-1.296703542796E12,
macro
-12.0,26.118632245384738,
-12.0,26.118632245384738,
-12.0,26.118632245384738,
-12.0,26.118632245384738,
-12.0,26.118632245384738,
micro
-12.0,0.0,-1.296703542796E12,
-12.0,0.0,-1.296703542796E12,
-12.0,0.0,-1.296703542796E12,
-12.0,0.0,-1.296703542796E12,
macro
-12.0,26.114743029503757,
-12.0,26.114743029503757,
-12.0,26.114743029503757,
-12.0,26.114743029503757,
-12.0,26.114743029503757,
micro
-12.0,0.0,-1.296703542796E12,
-12.0,0.0,-1.296703542796E12,
-12.0,0.0,-1.296703542796E12,
-12.0,0.0,-1.296703542796E12,
macro
-12.0,26.114743029503753,
-12.0,26.114743029503753,
-12.0,26.114743029503753,
-12.0,26.114743029503753,
-12.0,26.114743029503753,
micro
-12.0,0.0,-1.296703542796E12,
-12.0,0.0,-1.296703542796E12,
-12.0,0.0,-1.296703542796E12,
-12.0,0.0,-1.296703542796E12,
macro
-12.0,26.114743029503753,
-12.0,26.114743029503753,
-12.0,26.114743029503753,
-12.0,26.114743029503753,
-12.0,26.114743029503753,
micro
-12.0,0.0,-1.296703542796E12,
-12.0,0.0,-1.296703542796E12,
-12.0,0.0,-1.296703542796E12,
-12.0,0.0,-1.296703542796E12,
macro
