[
  [
    3353,
    4563,
    5212,
    2232,
    1987,
    5643,
    2866,
    225,
    4113,
    4016,
    1713,
    2287,
    188,
    3672,
    2515,
    243,
    6195,
    2882,
    2311,
    253,
    2838,
    5168,
    1893,
    3171,
    287,
    4735,
    4716,
    699,
    5248,
    3682,
    6657,
    3292,
    5731,
    327,
    1977
  ],
  [
    1327,
    2883,
    5177,
    4678,
    1354,
    4085,
    6196,
    1955,
    6658,
    3532,
    3688,
    2205,
    1882,
    5235,
    2506,
    2721,
    2260,
    6685,
    2814
  ],
  [
    6659,
    6676,
    1906,
    3553,
    4129,
    6176,
    1623,
    6187,
    6197,
    2788,
    5751,
    3631
  ],
  [
    1657,
    4688,
    1649
  ],
  [
    1935,
    4259
  ]
]