[
  [
    1084,
    6122,
    914,
    6070,
    1282,
    3117,
    5959,
    5044,
    1290,
    6114,
    904,
    7070,
    7089,
    6557,
    6603,
    7107,
    6576,
    4887,
    5495,
    5608,
    3106,
    1610,
    5478,
    1113,
    6089,
    7035,
    7026,
    6097,
    1263,
    6614,
    2074,
    7050,
    5994,
    6648,
    6105,
    1094,
    6627,
    1593,
    6131,
    7098,
    6595,
    1066
  ],
  [
    784,
    7071,
    4985,
    7108,
    612,
    3060,
    700,
    3876,
    3813,
    3906,
    6071,
    6577,
    7036,
    6558,
    1252,
    433,
    1271,
    2467
  ],
  [
    4955,
    4888,
    3842,
    7072,
    3035,
    4928,
    7037,
    7109,
    7060
  ]
]