[
  [
    4571,
    3989,
    38,
    4334,
    2729,
    1025,
    4270,
    3262,
    98,
    1032,
    1365,
    4244,
    432,
    356,
    215,
    4413,
    1621,
    1004,
    30,
    3317,
    4033,
    4217,
    4184,
    4374,
    4398,
    2213,
    4285,
    1013,
    4349,
    4524,
    989,
    3234,
    3468,
    3457,
    4547,
    4319,
    2207,
    1677,
    3219,
    4300,
    3138,
    46,
    0,
    10,
    1308,
    3431,
    90
  ],
  [
    3479,
    3990,
    4271,
    3139,
    4399,
    4068,
    4320,
    3318,
    990,
    4350,
    1622,
    4555,
    4301,
    3446,
    3263,
    4245,
    3220,
    3235,
    4525,
    4218,
    4506,
    1366,
    4539,
    2730,
    4389,
    3432,
    4286,
    4335,
    2214,
    4375,
    4484,
    1309,
    4185
  ],
  [
    4336,
    4272,
    4321,
    4526,
    4287,
    4376,
    4186,
    4351,
    3991
  ]
]