[
  [
    2105,
    1798,
    5486,
    1074,
    5504,
    5994,
    1854,
    6410,
    5523,
    4953,
    6418,
    1284,
    5940,
    865,
    886,
    3117,
    2646,
    3865,
    754,
    3006,
    4887,
    3854,
    3970,
    2475,
    914,
    1290,
    5959,
    4996,
    5969,
    5478,
    950,
    5467,
    819,
    5015,
    5978,
    904
  ],
  [
    1053,
    3813,
    6314,
    6380,
    7171,
    1426,
    3947,
    2989,
    4997,
    3106,
    1873,
    5986,
    2497,
    3069,
    2416,
    456,
    2435,
    4954,
    2486
  ],
  [
    5446,
    5799,
    7172,
    3842,
    3803,
    612,
    4888,
    6801,
    2968,
    3957,
    6834,
    5024
  ],
  [
    5951
  ]
]