-10.0,5.0,
-10.0,5.0,
-10.0,40.0,
-7.0,10.0,
-4.0,2.0,
-4.0,49.0,
-4.0,79.0,
-4.0,82.0,
-4.0,113.0,
-3.0,91.0,
-3.0,111.0,
micro
0.0,0.0,-1.296682065531E12,
0.0,0.0,-1.296682065531E12,
0.0,0.0,-1.296682045632E12,
0.0,0.0,-1.296682045632E12,
0.0,0.0,-1.296682036412E12,
0.0,0.0,-1.296682036412E12,
0.0,0.0,-1.296682036412E12,
0.0,0.0,-1.296682036412E12,
0.0,0.0,-1.296682036412E12,
0.0,0.0,-1.296682036412E12,
macro
-2.0,13.0,
-2.0,13.0,
-1.0,13.0,
-1.0,13.0,
-1.0,13.0,
-1.0,13.0,
-1.0,13.0,
micro
0.0,-1.0,-1.296683884941E12,
0.0,-1.0,-1.296683859547E12,
0.0,-1.0,-1.296683843693E12,
0.0,-1.0,-1.296683843693E12,
0.0,-1.0,-1.296683821823E12,
0.0,-1.0,-1.296683818487E12,
0.0,-1.0,-1.296683818487E12,
0.0,-1.0,-1.296683815189E12,
0.0,-1.0,-1.296683815189E12,
0.0,-1.0,-1.296683815189E12,
macro
-1.0,13.0,
-1.0,13.0,
-1.0,13.0,
-1.0,13.0,
-1.0,13.0,
micro
0.0,0.0,-1.296685908337E12,
0.0,0.0,-1.29668589332E12,
0.0,0.0,-1.296685838492E12,
0.0,0.0,-1.296685838492E12,
0.0,0.0,-1.296685838492E12,
0.0,0.0,-1.296685838492E12,
0.0,0.0,-1.296685826247E12,
0.0,0.0,-1.296685825245E12,
0.0,0.0,-1.296685823443E12,
0.0,0.0,-1.29668579116E12,
macro
-1.0,0.0,
-1.0,0.0,
-1.0,0.0,
-1.0,0.0,
-1.0,0.0,
micro
0.0,0.0,-1.296687566616E12,
0.0,0.0,-1.296687561614E12,
0.0,0.0,-1.296687560521E12,
0.0,0.0,-1.296687536206E12,
0.0,0.0,-1.296687536206E12,
0.0,0.0,-1.296687536206E12,
0.0,0.0,-1.296687536206E12,
0.0,0.0,-1.296687536206E12,
0.0,0.0,-1.296687536206E12,
0.0,0.0,-1.296687536206E12,
macro
-2.0,91.0,
-2.0,91.0,
-2.0,91.0,
-2.0,91.0,
-2.0,91.0,
micro
-5.0,-3.0,-1.296689441051E12,
-5.0,-3.0,-1.296689392357E12,
-3.0,-1.0,-1.296689490803E12,
-3.0,-1.0,-1.29668939736E12,
-2.0,0.0,-1.296689458632E12,
-2.0,0.0,-1.296689458632E12,
-2.0,0.0,-1.296689458632E12,
-2.0,0.0,-1.296689438762E12,
-2.0,0.0,-1.296689438762E12,
-2.0,0.0,-1.296689437859E12,
macro
-2.0,158.0,
-2.0,158.0,
-2.0,158.0,
-2.0,165.0,
-2.0,179.0,
-2.0,179.0,
-2.0,180.0,
-2.0,181.0,
-2.0,181.0,
-2.0,181.0,
-2.0,206.0,
micro
-2.0,0.0,-1.296691146132E12,
-2.0,0.0,-1.296691146132E12,
-2.0,0.0,-1.296691138885E12,
-2.0,0.0,-1.296691116247E12,
-2.0,0.0,-1.296691116247E12,
-2.0,0.0,-1.296691116247E12,
-2.0,0.0,-1.296691116247E12,
-2.0,0.0,-1.296691116247E12,
-2.0,0.0,-1.296691116247E12,
-2.0,0.0,-1.296691116247E12,
macro
-2.0,182.0,
-2.0,182.0,
-2.0,182.0,
-2.0,182.0,
-2.0,184.0,
-2.0,184.0,
-2.0,184.0,
-2.0,184.0,
-2.0,184.0,
micro
-2.0,0.0,-1.296693034779E12,
-2.0,0.0,-1.296693034779E12,
-2.0,0.0,-1.296693028915E12,
-2.0,0.0,-1.296692987505E12,
-2.0,0.0,-1.296692987505E12,
-2.0,0.0,-1.296692970264E12,
-2.0,0.0,-1.296692921448E12,
-2.0,0.0,-1.296692921448E12,
-2.0,0.0,-1.296692921448E12,
-2.0,0.0,-1.296692921448E12,
macro
-3.0,249.0,
-3.0,249.0,
-3.0,249.0,
-3.0,249.0,
-3.0,249.0,
micro
-3.0,-2.0,-1.29669470673E12,
-3.0,-2.0,-1.29669470673E12,
-3.0,-2.0,-1.29669470673E12,
-3.0,-2.0,-1.296694706281E12,
-3.0,-2.0,-1.296694690047E12,
-3.0,-2.0,-1.296694690047E12,
-3.0,-2.0,-1.296694685094E12,
-3.0,-2.0,-1.296694685094E12,
-3.0,-2.0,-1.296694666529E12,
-3.0,-2.0,-1.296694666529E12,
macro
-3.0,204.0,
-3.0,209.0,
-3.0,209.0,
-3.0,209.0,
-3.0,209.0,
-3.0,209.0,
micro
-3.0,-2.0,-1.296696490588E12,
-3.0,-2.0,-1.296696490588E12,
-3.0,-2.0,-1.296696490588E12,
-3.0,-2.0,-1.296696490588E12,
-3.0,-2.0,-1.296696490588E12,
-3.0,-2.0,-1.296696490588E12,
-3.0,-2.0,-1.296696490588E12,
-3.0,-2.0,-1.296696490588E12,
-3.0,-2.0,-1.296696490588E12,
-3.0,-2.0,-1.296696490588E12,
macro
-3.0,129.0,
-3.0,131.0,
-3.0,131.0,
-3.0,131.0,
-3.0,131.0,
-3.0,131.0,
micro
-3.0,-6.0,-1.29669839972E12,
-3.0,-6.0,-1.29669839972E12,
-3.0,-6.0,-1.29669839972E12,
-3.0,-6.0,-1.296698398312E12,
-3.0,-6.0,-1.296698398312E12,
-3.0,-6.0,-1.296698398312E12,
-3.0,-6.0,-1.296698398312E12,
-3.0,-6.0,-1.296698398312E12,
macro
-4.0,166.0,
-4.0,166.0,
-4.0,166.0,
-4.0,166.0,
-4.0,166.0,
micro
-5.0,-4.0,-1.296700374429E12,
-5.0,-4.0,-1.296700374429E12,
-4.0,-3.0,-1.29670030768E12,
-4.0,-3.0,-1.29670030768E12,
-4.0,-3.0,-1.296700282333E12,
-4.0,-3.0,-1.296700213162E12,
-4.0,-3.0,-1.296700213162E12,
-4.0,-3.0,-1.296700210828E12,
-4.0,-3.0,-1.296700200706E12,
-4.0,-3.0,-1.296700200706E12,
macro
-4.0,648.0,
-4.0,648.0,
-4.0,648.0,
-4.0,648.0,
-4.0,648.0,
micro
-4.0,0.0,-1.296702160912E12,
-4.0,0.0,-1.296702153863E12,
-4.0,0.0,-1.296702075797E12,
-4.0,0.0,-1.296702075797E12,
-4.0,0.0,-1.296702047642E12,
-4.0,0.0,-1.296702047642E12,
-4.0,0.0,-1.296702047642E12,
-4.0,0.0,-1.296702047642E12,
-4.0,0.0,-1.296702047642E12,
-4.0,0.0,-1.296702047642E12,
macro
-4.0,1258.0,
-4.0,1258.0,
-4.0,1258.0,
-4.0,1258.0,
-4.0,1258.0,
micro
-4.0,0.0,-1.296703652639E12,
-4.0,0.0,-1.296703652639E12,
-4.0,0.0,-1.296703638346E12,
-4.0,0.0,-1.296703638346E12,
-4.0,0.0,-1.296703594235E12,
-4.0,0.0,-1.296703594235E12,
-4.0,0.0,-1.296703594235E12,
-4.0,0.0,-1.296703572719E12,
-4.0,0.0,-1.296703572719E12,
-4.0,0.0,-1.296703572719E12,
macro
-4.0,9.223372036854776E15,
-4.0,9.223372036854776E15,
-4.0,9.223372036854776E15,
-4.0,9.223372036854776E15,
-4.0,9.223372036854776E15,
micro
-4.0,0.0,-1.296703572719E12,
-4.0,0.0,-1.296703572719E12,
-4.0,0.0,-1.296703572719E12,
-4.0,0.0,-1.296703572719E12,
macro
-4.0,9.223372036854776E15,
-4.0,9.223372036854776E15,
-4.0,9.223372036854776E15,
-4.0,9.223372036854776E15,
-4.0,9.223372036854776E15,
micro
-4.0,0.0,-1.296703572719E12,
-4.0,0.0,-1.296703572719E12,
-4.0,0.0,-1.296703572719E12,
-4.0,0.0,-1.296703572719E12,
macro
-4.0,9.223372036854776E15,
-4.0,9.223372036854776E15,
-4.0,9.223372036854776E15,
-4.0,9.223372036854776E15,
-4.0,9.223372036854776E15,
micro
-4.0,0.0,-1.296703572719E12,
-4.0,0.0,-1.296703572719E12,
-4.0,0.0,-1.296703572719E12,
-4.0,0.0,-1.296703572719E12,
macro
-4.0,9.223372036854776E15,
-4.0,9.223372036854776E15,
-4.0,9.223372036854776E15,
-4.0,9.223372036854776E15,
-4.0,9.223372036854776E15,
micro
-4.0,0.0,-1.296703572719E12,
-4.0,0.0,-1.296703572719E12,
-4.0,0.0,-1.296703572719E12,
-4.0,0.0,-1.296703572719E12,
macro
