[
  [
    6866,
    5551,
    6897,
    2633,
    517,
    6002,
    6025,
    6851,
    4815,
    2418,
    6473,
    6060,
    2857,
    1997,
    576,
    1060,
    307,
    6458,
    620,
    1834,
    6488,
    1475,
    6497,
    2006,
    6927,
    5275,
    6916,
    3741,
    602,
    2617,
    5559,
    6936,
    1052,
    489,
    1547,
    1044,
    1168
  ],
  [
    3755,
    6003,
    1121,
    6459,
    1149,
    2039,
    6852,
    1179,
    4707,
    2625,
    6898,
    1536,
    3680,
    1160,
    3763,
    1528,
    6474,
    3742
  ],
  [
    1964,
    6429,
    6853,
    5534,
    2597,
    6899,
    6460,
    2319,
    4807,
    2262,
    6475
  ],
  [
    1495,
    2066
  ],
  [
    1917
  ]
]