[
  [
    1418,
    1798,
    3006,
    5978,
    724,
    7185,
    6783,
    1284,
    6418,
    1456,
    6842,
    6380,
    5891,
    5467,
    5986,
    4968,
    6369,
    713,
    3865,
    3815,
    1604,
    5478,
    6341,
    628,
    5969,
    5459,
    5486,
    5444,
    5523,
    1846,
    3884,
    1464,
    4996,
    5916,
    855,
    6399,
    3069,
    3854,
    1074,
    6410,
    5940,
    1094,
    979
  ],
  [
    3106,
    3052,
    6314,
    2989,
    5015,
    2475,
    2416,
    7171,
    5504,
    2374,
    1873,
    4885,
    2486,
    1053,
    2497,
    5445,
    3917,
    456,
    4997,
    1825
  ],
  [
    3803,
    5799,
    7172,
    6801,
    2968,
    6284,
    3957,
    6325,
    3947,
    6834
  ],
  [
    5951
  ]
]