[
  [
    1926,
    1935,
    398,
    6866,
    6256,
    170,
    378,
    3699,
    5781,
    5771,
    297,
    6874,
    6025,
    408,
    5283,
    3162,
    552,
    497,
    2506,
    1946,
    3672,
    5532,
    6002,
    253,
    4716,
    6851,
    4773,
    4746,
    3342,
    3718,
    327,
    2336,
    2515,
    1808,
    2608,
    2524,
    1987,
    1977,
    337,
    5731,
    1893
  ],
  [
    3688,
    1014,
    6264,
    4760,
    1130,
    2298,
    3700,
    2901,
    1149,
    4747,
    6852,
    5533,
    6003,
    1955,
    5789,
    2849,
    6875,
    1121,
    4725,
    3719,
    1138,
    2015
  ],
  [
    1623,
    991,
    6240,
    2857,
    6016,
    1739,
    6876,
    5177
  ],
  [
    4707
  ]
]