[
  [
    6541,
    1311,
    5581,
    1357,
    4265,
    5110,
    1523,
    5025,
    1683,
    710,
    616,
    1349,
    644,
    3321,
    3233,
    5550,
    4302,
    966,
    6983,
    1515,
    5075,
    666,
    5065,
    929,
    1373,
    1905,
    1014,
    2485,
    5561,
    7012,
    4246,
    2552,
    1034
  ],
  [
    5473,
    1845,
    5492,
    5026,
    1913,
    6119,
    5111,
    3400,
    5083,
    2531,
    657
  ],
  [
    5027,
    5112,
    2731,
    5538,
    4091,
    1922,
    6055,
    6562,
    5460
  ],
  [
    5040
  ]
]