[
  [
    4453,
    4374,
    3219,
    4524,
    1365,
    98,
    3989,
    2213,
    4270,
    356,
    4547,
    4422,
    4285,
    989,
    10,
    4435,
    1308,
    432,
    46,
    4033,
    90,
    4334,
    4184,
    0,
    2750,
    4300,
    3317,
    38,
    4319,
    30,
    4349,
    1677,
    4398,
    70,
    54,
    281,
    4244,
    3468,
    3431,
    4495,
    1025,
    1032,
    3234,
    4444,
    62,
    4413,
    4217,
    1621,
    2729,
    1013,
    215,
    1004,
    20,
    1694
  ],
  [
    2730,
    4389,
    3446,
    3479,
    4271,
    1309,
    4068,
    4335,
    4185,
    990,
    3235,
    1678,
    3432,
    1366,
    4218,
    4399,
    4245,
    2214,
    4555,
    4525,
    4320,
    4350,
    3220,
    3990,
    4301,
    4286,
    1622,
    4375
  ],
  [
    3991,
    4376,
    4287,
    4351,
    4321
  ]
]