[
  [
    6791,
    6783,
    7185,
    6399,
    6390,
    6754,
    6799,
    5512,
    7170,
    1437,
    6358,
    4914,
    6323,
    5927,
    5033,
    3821,
    3854,
    6736,
    6814,
    754,
    507,
    6369,
    4968,
    2991,
    6341,
    1456,
    586,
    950,
    969,
    2105,
    5902,
    6842,
    2443,
    3955,
    4945,
    886,
    3928
  ],
  [
    1825,
    2944,
    1846,
    1862,
    1464,
    6324,
    2454,
    3917,
    4976,
    2475,
    6772,
    4915,
    6825,
    3052,
    6800,
    3792,
    3096,
    6737,
    5903,
    2424,
    6755,
    1448,
    3956,
    1426,
    3929
  ],
  [
    6756,
    3842,
    5916,
    5904,
    5431,
    6325,
    6801,
    4916,
    1833,
    6303,
    6350,
    6738
  ]
]