[
  [
    2405,
    744,
    1458,
    1563,
    5836,
    5403,
    5412,
    5384,
    1230,
    6293,
    7015,
    837,
    677,
    2396,
    3033,
    764,
    3815,
    894,
    6275,
    5338,
    5861,
    3014,
    5844,
    1284,
    5797,
    5360,
    639,
    594,
    3840,
    799,
    774,
    1814,
    5872,
    845,
    5883,
    6041,
    827,
    724
  ],
  [
    2997,
    5853,
    4856,
    2980,
    3025,
    4845,
    5828,
    4901,
    3034,
    5798,
    1026,
    2047,
    3841,
    4885,
    2363,
    2385,
    3821,
    2374,
    5385,
    5339
  ],
  [
    2884,
    4893,
    6284,
    4828,
    5340,
    6999
  ],
  [
    4937
  ],
  [
    1806
  ],
  [
    1133
  ]
]