[
  [
    180,
    3371,
    5714,
    243,
    2261,
    3613,
    1737,
    2317,
    5651,
    2838,
    441,
    4667,
    2232,
    4656,
    204,
    188,
    5201,
    5692,
    269,
    3332,
    5117,
    162,
    419,
    5188,
    5662,
    4637,
    3602,
    3581,
    1132,
    5147,
    527,
    5131,
    5723,
    4648,
    3543,
    5141,
    1636,
    196,
    3592,
    1765,
    2562,
    6165,
    4582,
    106
  ],
  [
    5673,
    528,
    2318,
    2748,
    3552,
    5155,
    3651,
    1738,
    4148,
    2189,
    5118,
    2553,
    2205,
    3190,
    2573,
    5703,
    5681,
    2181,
    2586,
    3614
  ],
  [
    3570,
    2731,
    2764,
    5055,
    2215,
    2775,
    5142,
    3615,
    3319,
    2805,
    5072,
    2197
  ],
  [
    4041,
    3511
  ],
  [
    4016
  ]
]