[
  [
    455,
    3302,
    70,
    2213,
    4612,
    122,
    2729,
    4167,
    142,
    4604,
    348,
    62,
    3501,
    5106,
    3317,
    1025,
    4462,
    4515,
    5053,
    3519,
    3277,
    2682,
    2786,
    281,
    132,
    54,
    2691,
    3543,
    3551,
    3201,
    114,
    5089,
    3262,
    4198,
    1694,
    152,
    3181,
    80,
    98
  ],
  [
    5054,
    3139,
    4620,
    3552,
    3446,
    4506,
    2787,
    4176,
    3303,
    3263,
    5097,
    3278,
    4068,
    2214,
    4008,
    3332,
    4104,
    4138,
    3318,
    3210,
    3128,
    2730
  ],
  [
    3433,
    3264,
    3221,
    4186,
    4219,
    5055,
    3140,
    3236,
    4321
  ]
]