[
  [
    5222,
    4060,
    3162,
    6256,
    793,
    4688,
    1906,
    2336,
    317,
    1882,
    1946,
    6889,
    5781,
    3672,
    2515,
    1503,
    2849,
    1893,
    2911,
    5177,
    5762,
    2524,
    479,
    5532,
    5283,
    1512,
    3733,
    2506,
    2929,
    6874,
    4716,
    1987,
    469,
    2028,
    1808,
    2344,
    170,
    3342,
    1520,
    408,
    5731,
    1977,
    5771,
    6447,
    497,
    1926,
    2608,
    4725
  ],
  [
    6016,
    5533,
    2015,
    1130,
    1005,
    3391,
    2930,
    6875,
    5789,
    2901,
    1935,
    6264,
    1138,
    1955,
    1014,
    3640
  ],
  [
    1310,
    4748,
    1739,
    5259,
    6240,
    991,
    6876,
    1623
  ]
]