[
  [
    724,
    7015,
    5844,
    4914,
    5412,
    764,
    6275,
    3840,
    5360,
    3033,
    5836,
    594,
    3077,
    1834,
    6293,
    4901,
    2396,
    1284,
    3014,
    894,
    2405,
    5797,
    5403,
    837,
    774,
    586,
    827,
    754,
    5861,
    799,
    677,
    5384,
    1044,
    845,
    507,
    4887,
    5883,
    5872,
    5338,
    1814
  ],
  [
    2980,
    5385,
    4915,
    2997,
    5339,
    5798,
    3034,
    3813,
    5420,
    2374,
    3841,
    5320,
    2363,
    4856,
    3821,
    3763,
    3025,
    5828,
    2385,
    2989
  ],
  [
    6999,
    4893,
    5386,
    2884,
    5294,
    5340,
    5815,
    6284
  ],
  [
    4937
  ],
  [
    1806
  ]
]