[
  [
    1808,
    6497,
    5559,
    576,
    2929,
    6897,
    4746,
    2418,
    6458,
    2617,
    5551,
    6060,
    1052,
    6889,
    1168,
    1044,
    1138,
    479,
    6927,
    378,
    6473,
    602,
    1547,
    620,
    1458,
    2028,
    6936,
    6447,
    6866,
    1520,
    6916,
    489,
    1060,
    6488,
    1834
  ],
  [
    1536,
    4747,
    6459,
    1179,
    2901,
    2930,
    3755,
    6049,
    2047,
    6898,
    2055,
    5275,
    3680,
    3763,
    2039,
    1528,
    1130,
    6474,
    2625,
    1160,
    1475
  ],
  [
    3720,
    6899,
    2312,
    4748,
    6475,
    5534,
    1695,
    6853,
    6460,
    6429,
    1739,
    4807
  ],
  [
    2066,
    1495
  ],
  [
    1917,
    1026
  ]
]