[
  [
    2608,
    6002,
    6025,
    225,
    2515,
    297,
    5771,
    5283,
    2336,
    3422,
    497,
    5731,
    5781,
    378,
    5532,
    3342,
    4746,
    3718,
    3672,
    253,
    3162,
    469,
    1808,
    6874,
    3699,
    3413,
    398,
    1987,
    2929,
    1935,
    4773,
    6851,
    3733,
    1906,
    3741,
    1893,
    5168,
    1882,
    1946,
    1044,
    1503,
    4716,
    1052,
    1060,
    2524,
    793,
    408,
    5551
  ],
  [
    2901,
    5533,
    3391,
    6003,
    1138,
    1955,
    4725,
    2015,
    6852,
    3719,
    2309,
    6875,
    5789,
    3700,
    4760,
    4747
  ],
  [
    991,
    4748,
    1623,
    2857,
    1005,
    6240
  ]
]