[
  [
    5277,
    1564,
    7122,
    7152,
    2911,
    2269,
    1775,
    1162,
    3413,
    7141,
    6701,
    370,
    3171,
    783,
    2825,
    5257,
    6728,
    4050,
    1399,
    6238,
    463,
    388,
    5248,
    3672,
    2279,
    6720,
    2049,
    3353,
    5212,
    5731,
    3662,
    362
  ],
  [
    5258,
    7123,
    2355,
    7161,
    1756,
    6239,
    1388,
    2506,
    6702,
    1788,
    2919,
    2708,
    3382,
    2874,
    2205,
    1408,
    1380
  ],
  [
    6197,
    4024,
    2344,
    7124,
    3304,
    4231,
    5119,
    6703,
    2756,
    6659,
    3279,
    5742,
    4699,
    4628,
    4593,
    1926,
    4060
  ],
  [
    6230,
    1726,
    5762
  ],
  [
    1335,
    4158
  ],
  [
    6152
  ]
]