[
  [
    5815,
    1418,
    1798,
    1284,
    1806,
    1044,
    5986,
    5478,
    6410,
    3970,
    6369,
    4887,
    3006,
    1464,
    5978,
    4968,
    5969,
    5459,
    969,
    5467,
    855,
    5959,
    754,
    1052,
    3906,
    5940,
    4996,
    1854,
    940,
    6418,
    5523,
    819,
    1862,
    5486,
    3865,
    3792,
    3117,
    5504,
    6399,
    4945,
    1074
  ],
  [
    2497,
    2416,
    6314,
    6380,
    7171,
    3947,
    1053,
    2486,
    1825,
    2475,
    3813,
    3069,
    3106,
    2989,
    456,
    5328,
    2424,
    5320
  ],
  [
    5916,
    5446,
    6834,
    3803,
    5799,
    3957,
    5904,
    4888,
    2968,
    6325,
    4955,
    7172
  ],
  [
    5951
  ]
]