[
  [
    2866,
    6222,
    699,
    3292,
    188,
    6195,
    1694,
    269,
    5212,
    4016,
    2506,
    2232,
    6657,
    2287,
    6214,
    1713,
    2882,
    287,
    2311,
    2261,
    243,
    2279,
    5643,
    5168,
    2838,
    4735,
    6693,
    463,
    225,
    327,
    2243
  ],
  [
    1327,
    4148,
    4085,
    5235,
    4076,
    2883,
    3413,
    6685,
    4050,
    2721,
    6196,
    4176,
    2874,
    6658,
    1343,
    3532,
    1354,
    4678,
    2814,
    3688,
    3662,
    3382
  ],
  [
    6187,
    4129,
    4699,
    5751,
    1700,
    4473,
    6676,
    6659,
    3631,
    6197,
    3553,
    6176
  ],
  [
    1657,
    4688,
    4095,
    1649
  ],
  [
    4259,
    4400
  ]
]