[
  [
    4887,
    639,
    5403,
    1230,
    5384,
    2405,
    5360,
    5836,
    724,
    6293,
    2396,
    705,
    3014,
    5412,
    5797,
    677,
    1814,
    845,
    774,
    6275,
    5872,
    894,
    5861,
    827,
    5371,
    1834,
    5883,
    5844,
    3821,
    5891,
    799,
    764,
    649,
    837
  ],
  [
    5853,
    4845,
    2997,
    3025,
    2980,
    5420,
    3034,
    3813,
    2374,
    3763,
    1026,
    2363,
    5385,
    5828,
    4856,
    5798,
    2385,
    4901
  ],
  [
    6284,
    5294,
    2884,
    4893,
    5815,
    3720,
    3701,
    5340,
    4783,
    713,
    6999,
    1367
  ],
  [
    4937
  ],
  [
    1806
  ],
  [
    1133
  ]
]