[
  [
    6947,
    542,
    649,
    6439,
    6033,
    6544,
    5815,
    4864,
    1190,
    507,
    639,
    1241,
    6517,
    6526,
    959,
    4799,
    6986,
    1210,
    6966,
    1563,
    3832,
    558,
    2966,
    6997,
    6041,
    5371,
    657,
    705,
    4887,
    809,
    5292,
    5352,
    2055,
    5310,
    566,
    4781,
    6506,
    4826,
    1574,
    6049,
    734,
    586,
    667
  ],
  [
    4782,
    5320,
    1511,
    1199,
    4827,
    3813,
    6948,
    6976,
    1033,
    1766,
    1219,
    6998,
    5293,
    1555,
    2967,
    5328,
    3776,
    1230,
    1486,
    6527
  ],
  [
    3701,
    3720,
    1367,
    5294,
    2884,
    6004,
    628,
    6528,
    6949
  ]
]