[
  [
    4524,
    5053,
    4555,
    3277,
    2786,
    152,
    4547,
    1737,
    4612,
    3543,
    2682,
    3138,
    132,
    3519,
    348,
    70,
    2691,
    2750,
    4571,
    4620,
    4121,
    142,
    3501,
    3234,
    3302,
    106,
    3201,
    4515,
    5089,
    3262,
    122,
    1025,
    3551,
    4422,
    1765,
    114,
    3181,
    3978,
    3468,
    1694,
    1677,
    3457,
    455,
    4068
  ],
  [
    4604,
    3249,
    3263,
    3153,
    5097,
    1678,
    3446,
    3235,
    5054,
    1738,
    3139,
    4484,
    3552,
    2787,
    4198,
    3278,
    4138,
    3332,
    3303,
    3210,
    4525,
    3128,
    3318
  ],
  [
    4272,
    3221,
    4526,
    3264,
    3140
  ]
]