[
  [
    6041,
    6517,
    639,
    1427,
    3033,
    6997,
    469,
    959,
    1536,
    517,
    6488,
    2966,
    7015,
    5338,
    793,
    876,
    4864,
    5292,
    1190,
    1284,
    6526,
    1574,
    6947,
    4781,
    4875,
    3815,
    6986,
    3832,
    724,
    3840,
    1210,
    317,
    657,
    734,
    5352,
    6966,
    6049,
    4826,
    566,
    667,
    6544,
    6506,
    744,
    2055,
    4799,
    5797,
    558
  ],
  [
    3034,
    1199,
    5320,
    3776,
    1033,
    4827,
    2955,
    1486,
    2967,
    1005,
    3784,
    6976,
    2039,
    6948,
    4885,
    6998,
    5293,
    6527,
    1014,
    4782,
    5328,
    5339,
    3841
  ],
  [
    6528,
    6004,
    6949,
    3720,
    3743,
    628,
    3701
  ]
]