[
  [
    979,
    5608,
    922,
    2646,
    6139,
    6557,
    6576,
    7035,
    6627,
    7050,
    7098,
    1610,
    6131,
    7026,
    914,
    6603,
    6097,
    1263,
    1066,
    6114,
    6089,
    6122,
    6614,
    819,
    7070,
    7107,
    6595,
    6070,
    6637,
    1282,
    904,
    1113,
    3893,
    7089,
    1585,
    1298,
    6648,
    2074,
    1084,
    6105,
    1593
  ],
  [
    3906,
    7071,
    7108,
    6558,
    1271,
    5044,
    5015,
    6577,
    1873,
    4985,
    6071,
    3060,
    3876,
    357,
    7036
  ],
  [
    3035,
    700,
    1045,
    7109,
    3079,
    7072,
    7060
  ]
]